"Distance [mm]"	"Distance/($D/2-$g/2)*180/pi []"	"Br []"
0	0	0.668646631108103
0.214692	0.359906413994167	0.682145446187916
0.429384	0.719812827988334	0.696508427460454
0.644076	1.0797192419825	0.752003671404817
0.858768	1.43962565597667	0.7998539070099
1.07346	1.79953206997083	0.912660403826241
1.288152	2.159438483965	0.920855093675052
1.502844	2.51934489795917	0.926299006860121
1.717536	2.87925131195334	0.929270469995108
1.932228	3.2391577259475	0.917493017740376
2.14692	3.59906413994167	0.910041852326744
2.361612	3.95897055393584	0.901140960222607
2.576304	4.31887696793	0.883550614790253
2.790996	4.67878338192417	0.872032889202008
3.005688	5.03868979591834	0.872062434949461
3.22038	5.3985962099125	0.872235497266559
3.435072	5.75850262390667	0.872525001650497
3.649764	6.11840903790084	0.878152350684272
3.864456	6.47831545189501	0.872874761034361
4.079148	6.83822186588917	0.867761119857401
4.29384	7.19812827988334	0.867173508481422
4.508532	7.55803469387751	0.866605558213416
4.723224	7.91794110787167	0.853899659267139
4.937916	8.27784752186584	0.849523840607699
5.152608	8.63775393586001	0.831906069879564
5.3673	8.99766034985417	0.818777302715129
5.581992	9.35756676384834	0.790653806633542
5.796684	9.71747317784251	0.76662972052887
6.011376	10.0773795918367	0.731061382831389
6.226068	10.4372860058308	0.6886430447376
6.44076	10.797192419825	0.642094250555682
6.655452	11.1570988338192	0.554516506887897
6.870144	11.5170052478133	0.469751905745103
7.084836	11.8769116618075	0.389284817545326
7.299528	12.2368180758017	0.173312354530799
7.51422	12.5967244897958	0.111391375100993
7.728912	12.95663090379	-0.0417984197869
7.943604	13.3165373177842	-0.166767988857853
8.158296	13.6764437317783	-0.365600461057383
8.372988	14.0363501457725	-0.443551251651807
8.58768	14.3962565597667	-0.523178728024446
8.802372	14.7561629737608	-0.612828367225505
9.017064	15.116069387755	-0.665290357244226
9.231756	15.4759758017492	-0.718009196607554
9.446448	15.8358822157433	-0.770975680742024
9.66114	16.1957886297375	-0.78382382830236
9.875832	16.5556950437317	-0.800594811548865
10.090524	16.9156014577258	-0.817455521602956
10.305216	17.27550787172	-0.834403438624837
10.519908	17.6354142857142	-0.835312368042973
10.7346	17.9953206997083	-0.843021301108423
10.949292	18.3552271137025	-0.845832528563403
11.163984	18.7151335276967	-0.855497875582763
11.378676	19.0750399416909	-0.863884856256678
11.593368	19.434946355685	-0.865450895216672
11.80806	19.7948527696792	-0.874792182365744
12.022752	20.1547591836734	-0.895780781074875
12.237444	20.5146655976675	-0.909694845739124
12.452136	20.8745720116617	-0.909156942000769
12.666828	21.2344784256558	-0.927642192014055
12.88152	21.59438483965	-0.918675372850426
13.096212	21.9542912536442	-0.906804108070259
13.310904	22.3141976676383	-0.892995497238587
13.525596	22.6741040816325	-0.766177321600105
13.740288	23.0340104956267	-0.738429802985054
13.95498	23.3939169096209	-0.691911767749942
14.169672	23.753823323615	-0.673132179483499
14.384364	24.1137297376092	-0.646074801975925
14.599056	24.4736361516034	-0.68814649913056
14.813748	24.8335425655975	-0.731283747030215
15.02844	25.1934489795917	-0.768137143250095
15.243132	25.5533553935859	-0.832801739295403
15.457824	25.91326180758	-0.897018972062956
15.672516	26.2731682215742	-0.96075490274407
15.887208	26.6330746355684	-0.921470779501281
16.1019	26.9929810495625	-0.926437684487807
16.316592	27.3528874635567	-0.920903629352684
16.531284	27.7127938775509	-0.905482498361464
16.745976	28.072700291545	-0.893535507131245
16.960668	28.4326067055392	-0.895875455763017
17.17536	28.7925131195334	-0.882510815154265
17.390052	29.1524195335275	-0.883274505594914
17.604744	29.5123259475217	-0.882645885684013
17.819436	29.8722323615159	-0.884372680063539
18.034128	30.23213877551	-0.886191207317597
18.24882	30.5920451895042	-0.88810060781868
18.463512	30.9519516034984	-0.890595438075396
18.678204	31.3118580174925	-0.893251925343791
18.892896	31.6717644314867	-0.896010493020519
19.107588	32.0316708454809	-0.89121125572672
19.32228	32.391577259475	-0.885375255953952
19.536972	32.7514836734692	-0.878348789376399
19.751664	33.1113900874634	-0.869380498786333
19.966356	33.4712965014575	-0.858160868520056
20.181048	33.8312029154517	-0.842571554406069
20.39574	34.1911093294459	-0.828011808664376
20.610432	34.55101574344	-0.814763106408495
20.825124	34.9109221574342	-0.797028639401035
21.039816	35.2708285714284	-0.768640071439567
21.254508	35.6307349854225	-0.735240778974684
21.4692	35.9906413994167	-0.712101058475019
21.683892	36.3505478134109	-0.671330349762499
21.898584	36.710454227405	-0.586525713103685
22.113276	37.0703606413992	-0.504071781560428
22.327968	37.4302670553934	-0.433350199530664
22.54266	37.7901734693875	-0.2715767093121
22.757352	38.1500798833817	-0.146566330410233
22.972044	38.5099862973759	0.0678877109504602
23.186736	38.86989271137	0.113626507130195
23.401428	39.2297991253642	0.158755497035276
23.61612	39.5897055393584	0.400767061328192
23.830812	39.9496119533525	0.488015884100347
24.045504	40.3095183673467	0.576849822189981
24.260196	40.6694247813409	0.665565423590899
24.474888	41.029331195335	0.700252712310553
24.68958	41.3892376093292	0.733618503299236
24.904272	41.7491440233234	0.763221558209542
25.118964	42.1090504373175	0.785517498765974
25.333656	42.4689568513117	0.802938936617908
25.548348	42.8288632653059	0.815557293854227
25.76304	43.1887696793	0.82837175125455
25.977732	43.5486760932942	0.840792133550709
26.192424	43.9085825072884	0.852799415450859
26.407116	44.2684889212825	0.878526549078904
26.621808	44.6283953352767	0.89614353275863
26.8365	44.9883017492709	0.904844287059141
27.051192	45.348208163265	0.922470344692834
27.265884	45.7081145772592	0.916742916859165
27.480576	46.0680209912534	0.892133423109496
27.695268	46.4279274052475	0.867166936701377
27.90996	46.7878338192417	0.766820734648991
28.124652	47.1477402332359	0.719796588554793
28.339344	47.50764664723	0.67485793093134
28.554036	47.8675530612242	0.67091207724305
28.768728	48.2274594752184	0.652064685108333
28.98342	48.5873658892125	0.693843605383699
29.198112	48.9472723032067	0.736716460523141
29.412804	49.3071787172009	0.779556481766961
29.627496	49.667085131195	0.820150782379602
29.842188	50.0269915451892	0.959602883588962
30.05688	50.3868979591834	0.883293425748346
30.271572	50.7468043731775	0.928290556696981
30.486264	51.1067107871717	0.942253402188914
30.700956	51.4666172011659	0.921913622909701
30.915648	51.82652361516	0.907295551796512
31.13034	52.1864300291542	0.899985344364717
31.345032	52.5463364431484	0.892509798564573
31.559724	52.9062428571425	0.877987148921783
31.774416	53.2661492711367	0.887408332043766
31.989108	53.6260556851309	0.886984283804709
32.2038	53.985962099125	0.892976851574654
32.418492	54.3458685131192	0.895679852817462
32.633184	54.7057749271134	0.900297951931259
32.847876	55.0656813411075	0.906766770931023
33.062568	55.4255877551017	0.903495290414834
33.27726	55.7854941690959	0.900252743266007
33.491952	56.14540058309	0.904713782500931
33.706644	56.5053069970842	0.906802621070873
33.921336	56.8652134110784	0.902276999116637
34.136028	57.2251198250725	0.895237722311495
34.35072	57.5850262390667	0.888241117375135
34.565412	57.9449326530609	0.881288014742482
34.780104	58.304839067055	0.875071599680866
34.994796	58.6647454810492	0.864806947877292
35.209488	59.0246518950434	0.852794220156906
35.42418	59.3845583090376	0.846309372427693
35.638872	59.7444647230317	0.830523048915922
35.853564	60.1043711370259	0.82576267336627
36.068256	60.46427755102	0.807873894440647
36.282948	60.8241839650142	0.774969971056061
36.49764	61.1840903790084	0.74331905446741
36.712332	61.5439967930025	0.715573421565232
36.927024	61.9039032069967	0.690312728095319
37.141716	62.2638096209909	0.622482328010608
37.356408	62.6237160349851	0.501068202251954
37.5711	62.9836224489792	0.476488802379975
37.785792	63.3435288629734	0.334271149521228
38.000484	63.7034352769676	0.202869388184818
38.215176	64.0633416909617	0.0711967216664179
38.429868	64.4232481049559	-0.048889470395684
38.64456	64.7831545189501	-0.162276023306051
38.859252	65.1430609329442	-0.341302709961794
39.073944	65.5029673469384	-0.448107921948469
39.288636	65.8628737609326	-0.570499624293291
39.503328	66.2227801749267	-0.603283358414574
39.71802	66.5826865889209	-0.682595745301378
39.932712	66.9425930029151	-0.718705468416261
40.147404	67.3024994169092	-0.754793405107656
40.362096	67.6624058309034	-0.789505782839362
40.576788	68.0223122448976	-0.811673121037485
40.79148	68.3822186588917	-0.848012901730266
41.006172	68.7421250728859	-0.874267059407022
41.220864	69.1020314868801	-0.877068272196723
41.435556	69.4619379008742	-0.901530069299979
41.650248	69.8218443148684	-0.900227366864087
41.86494	70.1817507288626	-0.880039466901538
42.079632	70.5416571428567	-0.820589032562022
42.294324	70.9015635568509	-0.761623593554603
42.509016	71.2614699708451	-0.70317058637873
42.723708	71.6213763848392	-0.649642894940765
42.9384	71.9812827988334	-0.665778142073133
43.153092	72.3411892128276	-0.683399583919408
43.367784	72.7010956268217	-0.702506447593881
43.582476	73.0610020408159	-0.723097785734048
43.797168	73.4209084548101	-0.810908371311374
44.01186	73.7808148688042	-0.862370507279925
44.226552	74.1407212827984	-0.912924040590405
44.441244	74.5006276967926	-0.962540321946109
44.655936	74.8605341107867	-0.920703201654578
44.870628	75.2204405247809	-0.916014499413432
45.08532	75.5803469387751	-0.911115772107055
45.300012	75.9402533527692	-0.906010052770662
45.514704	76.3001597667634	-0.897958740536384
45.729396	76.6600661807576	-0.89599588354533
45.944088	77.0199725947517	-0.894187824116089
46.15878	77.3798790087459	-0.892535302380193
46.373472	77.7397854227401	-0.893710163393215
46.588164	78.0996918367342	-0.893036397810011
46.802856	78.4595982507284	-0.892771293589225
47.017548	78.8195046647226	-0.901320200621436
47.23224	79.1794110787167	-0.903684223931517
47.446932	79.5393174927109	-0.910171723518036
47.661624	79.8992239067051	-0.91670361698375
47.876316	80.2591303206992	-0.914269111424574
48.091008	80.6190367346934	-0.914639494523058
48.3057	80.9789431486876	-0.911353591971933
48.520392	81.3388495626817	-0.906963259364081
48.735084	81.6987559766759	-0.903788053400523
48.949776	82.0586623906701	-0.893170911637802
49.164468	82.4185688046642	-0.891076800169094
49.37916	82.7784752186584	-0.892348959658363
49.593852	83.1383816326526	-0.883599347677393
49.808544	83.4982880466467	-0.883443379348547
50.023236	83.8581944606409	-0.876178510045752
50.237928	84.2181008746351	-0.867946547399905
50.45262	84.5780072886292	-0.860027419660711
50.667312	84.9379137026234	-0.844999774248468
50.882004	85.2978201166176	-0.83130505868246
51.096696	85.6577265306118	-0.8216648960936
51.311388	86.0176329446059	-0.807091786367199
51.52608	86.3775393586001	-0.787163299980643
51.740772	86.7374457725942	-0.757617406192096
51.955464	87.0973521865884	-0.735057226420427
52.170156	87.4572586005826	-0.717010140057363
52.384848	87.8171650145767	-0.641736368075677
52.59954	88.1770714285709	-0.567150262841039
52.814232	88.5369778425651	-0.507552558380469
53.028924	88.8968842565592	-0.454634061223404
53.243616	89.2567906705534	-0.268417157531719
53.458308	89.6166970845476	-0.148718608309612
53.673	89.9766034985417	0.0266953683648009
53.887692	90.3365099125359	0.0855924524720718
54.102384	90.6964163265301	0.290745121836133
54.317076	91.0563227405242	0.401688171296488
54.531768	91.4162291545184	0.514236307518535
54.74646	91.7761355685126	0.611831487882839
54.961152	92.1360419825068	0.669243833767199
55.175844	92.4959483965009	0.737408268921452
55.390536	92.8558548104951	0.789182519469453
55.605228	93.2157612244892	0.808735349806102
55.81992	93.5756676384834	0.80638181511981
56.034612	93.9355740524776	0.921350106796888
56.249304	94.2954804664717	0.806347734169774
56.463996	94.6553868804659	0.767092916336779
56.678688	95.0152932944601	0.71695006884252
56.89338	95.3751997084543	0.665066653668237
57.108072	95.7351061224484	0.640789523909388
57.322764	96.0950125364426	0.650183392228705
57.537456	96.4549189504368	0.643417206596403
57.752148	96.8148253644309	0.702127447885946
57.96684	97.1747317784251	0.76186643121056
58.181532	97.5346381924192	0.817174698154147
58.396224	97.8945446064134	0.861204610435099
58.610916	98.2544510204076	0.944072397965722
58.825608	98.6143574344018	0.873540219258337
59.0403	98.9742638483959	0.917366929518566
59.254992	99.3341702623901	0.925997570640831
59.469684	99.6940766763843	0.912150414997596
59.684376	100.053983090378	0.899915842004795
59.899068	100.413889504373	0.897322802772479
60.11376	100.773795918367	0.891459072193084
60.328452	101.133702332361	0.885465587666236
60.543144	101.493608746355	0.893035263049406
60.757836	101.853515160349	0.894183091121989
60.972528	102.213421574343	0.899189469251643
61.18722	102.573327988338	0.902502727235261
61.401912	102.933234402332	0.90686417965472
61.616604	103.293140816326	0.913780563619744
61.831296	103.65304723032	0.91178689087251
62.045988	104.012953644314	0.912622017846997
62.26068	104.372860058308	0.915322921695373
62.475372	104.732766472303	0.917999517964603
62.690064	105.092672886297	0.915558585146718
62.904756	105.452579300291	0.911980177829858
63.119448	105.812485714285	0.908443250997419
63.33414	106.172392128279	0.904948108757901
63.548832	106.532298542273	0.905720117954177
63.763524	106.892204956268	0.898650707828417
63.978216	107.252111370262	0.896271143505992
64.192908	107.612017784256	0.896560646632603
64.4076	107.97192419825	0.892350356180167
64.622292	108.331830612244	0.888574815227683
64.836984	108.691737026238	0.884890807183916
65.051676	109.051643440233	0.881299013310856
65.266368	109.411549854227	0.87599114807677
65.48106	109.771456268221	0.865611637856171
65.695752	110.131362682215	0.85775766514966
65.910444	110.491269096209	0.850392173109676
66.125136	110.851175510203	0.838710348877406
66.339828	111.211081924198	0.823976194943196
66.55452	111.570988338192	0.809407411311743
66.769212	111.930894752186	0.795006706097165
66.983904	112.29080116618	0.780776769024351
67.198596	112.650707580174	0.741818091821362
67.413288	113.010613994168	0.707465209220861
67.62798	113.370520408163	0.66412364667007
67.842672	113.730426822157	0.620879455234503
68.057364	114.090333236151	0.533272912479066
68.272056	114.450239650145	0.501617671940732
68.486748	114.810146064139	0.318033161700137
68.70144	115.170052478133	0.197082783964152
68.916132	115.529958892128	0.0278502339877327
69.130824	115.889865306122	-0.0842337267426816
69.345516	116.249771720116	-0.224630583715175
69.560208	116.60967813411	-0.365854612500571
69.7749	116.969584548104	-0.547415477711959
69.989592	117.329490962098	-0.563951161488522
70.204284	117.689397376093	-0.638234612593916
70.418976	118.049303790087	-0.790870302181619
70.633668	118.409210204081	-0.675957441906513
70.84836	118.769116618075	-0.658365280930465
71.063052	119.129023032069	-0.6372021601656
71.277744	119.488929446063	-0.616173077503576
71.492436	119.848835860058	-0.617786603824454
71.707128	120.208742274052	-0.624564791915255
71.92182	120.568648688046	-0.646349679497777
72.136512	120.92855510204	-0.690859495633988
72.351204	121.288461516034	-0.7367609835423
72.565896	121.648367930028	-0.830641893536751
72.780588	122.008274344023	-0.869564598254698
72.99528	122.368180758017	-0.901626704042178
73.209972	122.728087172011	-0.910238013551265
73.424664	123.087993586005	-0.906083474655748
73.639356	123.447899999999	-0.90562154503079
73.854048	123.807806413993	-0.90101203535755
74.06874	124.167712827988	-0.889237724303759
74.283432	124.527619241982	-0.888953628453072
74.498124	124.887525655976	-0.891269820745139
74.712816	125.24743206997	-0.892341394582792
74.927508	125.607338483964	-0.894903446261964
75.1422	125.967244897958	-0.900631864036825
75.356892	126.327151311953	-0.897924636632973
75.571584	126.687057725947	-0.900558022668843
75.786276	127.046964139941	-0.904162152283019
76.000968	127.406870553935	-0.904903420511614
76.21566	127.766776967929	-0.911489496766107
76.430352	128.126683381923	-0.920447716672654
76.645044	128.486589795918	-0.917663330358703
76.859736	128.846496209912	-0.914909109427078
77.074428	129.206402623906	-0.91218512207969
77.28912	129.5663090379	-0.909491434388046
77.503812	129.926215451894	-0.909676068068632
77.718504	130.286121865888	-0.905290360292639
77.933196	130.646028279883	-0.906259248614985
78.147888	131.005934693877	-0.910259595622044
78.36258	131.365841107871	-0.906716991656525
78.577272	131.725747521865	-0.904160071415608
78.791964	132.085653935859	-0.90168508920273
79.006656	132.445560349853	-0.899292363290742
79.221348	132.805466763848	-0.897421856339556
79.43604	133.165373177842	-0.891712417402627
79.650732	133.525279591836	-0.88768009516253
79.865424	133.88518600583	-0.889847366778966
80.080116	134.245092419824	-0.887684291253837
80.294808	134.604998833818	-0.880752219923155
80.5095	134.964905247813	-0.873923311574631
80.724192	135.324811661807	-0.867198453459857
80.938884	135.684718075801	-0.861058195777959
81.153576	136.044624489795	-0.85153998913661
81.368268	136.404530903789	-0.833321462764693
81.58296	136.764437317783	-0.828056156414693
81.797652	137.124343731778	-0.823012213767727
82.012344	137.484250145772	-0.799184584646399
82.227036	137.844156559766	-0.786193211711899
82.441728	138.20406297376	-0.751821117517118
82.65642	138.563969387754	-0.726865790915932
82.871112	138.923875801748	-0.681424084018884
83.085804	139.283782215743	-0.627527036206554
83.300496	139.643688629737	-0.567208300581497
83.515188	140.003595043731	-0.471735118134999
83.72988	140.363501457725	-0.366757551968911
83.944572	140.723407871719	-0.264661573592481
84.159264	141.083314285713	-0.0488871979832271
84.373956	141.443220699708	-0.0117952461736211
84.588648	141.803127113702	0.159395116710394
84.80334	142.163033527696	0.340896586182686
85.018032	142.52293994169	0.400906758726289
85.232724	142.882846355684	0.433201147675938
85.447416	143.242752769678	0.471118243399677
85.662108	143.602659183673	0.501326733989484
85.8768	143.962565597667	0.532916473145074
86.091492	144.322472011661	0.565883375988809
86.306184	144.682378425655	0.594499156657866
86.520876	145.042284839649	0.662418634441362
86.735568	145.402191253643	0.730827968363647
86.95026	145.762097667638	0.799699150697031
87.164952	146.122004081632	0.869004118853113
87.379644	146.481910495626	0.865036817660135
87.594336	146.84181690962	0.872812922545737
87.809028	147.201723323614	0.88038001608465
88.02372	147.561629737608	0.887738838625624
88.238412	147.921536151603	0.884814524754494
88.453104	148.281442565597	0.883182072879692
88.667796	148.641348979591	0.885237059753386
88.882488	149.001255393585	0.88253869186847
89.09718	149.361161807579	0.883262745825629
89.311872	149.721068221573	0.892659423804552
89.526564	150.080974635568	0.891931627733769
89.741256	150.440881049562	0.898719543783956
89.955948	150.800787463556	0.902456211123608
90.17064	151.16069387755	0.901923263227983
90.385332	151.520600291544	0.907790346010005
90.600024	151.880506705538	0.903923324035279
90.814716	152.240413119533	0.901203132080761
91.029408	152.600319533527	0.9070681860909
91.2441	152.960225947521	0.91295276999135
91.458792	153.320132361515	0.908439591663685
91.673484	153.680038775509	0.913232845163174
91.888176	154.039945189503	0.908555585609273
92.102868	154.399851603498	0.901989517730668
92.31756	154.759758017492	0.906380865478368
92.532252	155.119664431486	0.901521288669369
92.746944	155.47957084548	0.903078580505791
92.961636	155.839477259474	0.908605303659145
93.176328	156.199383673468	0.903567213066748
93.39102	156.559290087463	0.906094399637929
93.605712	156.919196501457	0.904859358844608
93.820404	157.279102915451	0.897434597566827
94.035096	157.639009329445	0.899903704205879
94.249788	157.998915743439	0.894220283837333
94.46448	158.358822157433	0.890599981802555
94.679172	158.718728571428	0.89462926948017
94.893864	159.078634985422	0.888458359448392
95.108556	159.438541399416	0.889293551044637
95.323248	159.79844781341	0.889099326023346
95.53794	160.158354227404	0.878982915810049
95.752632	160.518260641398	0.877692190494522
95.967324	160.878167055393	0.867452174209962
96.182016	161.238073469387	0.85566191202634
96.396708	161.597979883381	0.853345591784999
96.6114	161.957886297375	0.851104480357463
96.826092	162.317792711369	0.833430291881106
97.040784	162.677699125363	0.827692619469997
97.255476	163.037605539358	0.805910285478439
97.470168	163.397511953352	0.783802330241756
97.68486	163.757418367346	0.758954625639843
97.899552	164.11732478134	0.736162358157138
98.114244	164.477231195334	0.694651421682024
98.328936	164.837137609328	0.660578932935674
98.543628	165.197044023323	0.585020012470295
98.75832	165.556950437317	0.548807759033472
98.973012	165.916856851311	0.427473950541593
99.187704	166.276763265305	0.328200886474668
99.402396	166.636669679299	0.147645346303021
99.617088	166.996576093293	0.0494633354565431
99.83178	167.356482507288	-0.0474774996713886
100.046472	167.716388921282	-0.143680243128362
100.261164	168.076295335276	-0.332327073292798
100.475856	168.43620174927	-0.364639828239007
100.690548	168.796108163264	-0.475648900482855
100.90524	169.156014577258	-0.540915870517121
101.119932	169.515920991253	-0.607716244534784
101.334624	169.875827405247	-0.70479562210214
101.549316	170.235733819241	-0.740982918647796
101.764008	170.595640233235	-0.778421963412216
101.9787	170.955546647229	-0.814723908419249
102.193392	171.315453061224	-0.824705598030829
102.408084	171.675359475218	-0.829914386472924
102.622776	172.035265889212	-0.84215207490514
102.837468	172.395172303206	-0.845684113217643
103.05216	172.7550787172	-0.855523599001117
103.266852	173.114985131194	-0.865215508485962
103.481544	173.474891545188	-0.870750040170416
103.696236	173.834797959183	-0.875496154133845
103.910928	174.194704373177	-0.88034243247876
104.12562	174.554610787171	-0.885288185866963
104.340312	174.914517201165	-0.890100651187236
104.555004	175.274423615159	-0.888940578661295
104.769696	175.634330029153	-0.890271488588398
104.984388	175.994236443148	-0.895501833835102
105.19908	176.354142857142	-0.898562357202941
105.413772	176.714049271136	-0.899348731828514
105.628464	177.07395568513	-0.900216319531439
105.843156	177.433862099124	-0.901164981467824
106.057848	177.793768513118	-0.902194570628108
106.27254	178.153674927113	-0.901477142109478
106.487232	178.513581341107	-0.897830182629559
106.701924	178.873487755101	-0.902018987207162
106.916616	179.233394169095	-0.905684978852207
107.131308	179.593300583089	-0.904365788232814
107.346	179.953206997083	-0.904046627519935
107.560692	180.313113411078	-0.903808739593616
107.775384	180.673019825072	-0.903652173279081
107.990076	181.032926239066	-0.903356510796537
108.204768	181.39283265306	-0.898738339983807
108.41946	181.752739067054	-0.898172421880659
108.634152	182.112645481048	-0.902153954477749
108.848844	182.472551895043	-0.901795908725775
109.063536	182.832458309037	-0.900434807899929
109.278228	183.192364723031	-0.899156294686607
109.49292	183.552271137025	-0.897960525470415
109.707612	183.912177551019	-0.897431581049924
109.922304	184.272083965014	-0.892971611451417
110.136996	184.631990379008	-0.8862161985379
110.351688	184.991896793002	-0.887748503143188
110.56638	185.351803206996	-0.886619914792857
110.781072	185.71170962099	-0.881999993764421
110.995764	186.071616034984	-0.877475938277618
111.210456	186.431522448978	-0.873048440142824
111.425148	186.791428862973	-0.868718181119884
111.63984	187.151335276967	-0.860918572206389
111.854532	187.511241690961	-0.853296465345454
112.069224	187.871148104955	-0.841822013486805
112.283916	188.231054518949	-0.836164884336991
112.498608	188.590960932943	-0.823669071987487
112.7133	188.950867346938	-0.819500015122135
112.927992	189.310773760932	-0.789743589268141
113.142684	189.670680174926	-0.74903029072317
113.357376	190.03058658892	-0.714516349734017
113.572068	190.390493002914	-0.681118823229917
113.78676	190.750399416909	-0.560132740568823
114.001452	191.110305830903	-0.494368082833595
114.216144	191.470212244897	-0.37472527429268
114.430836	191.830118658891	-0.341001585102336
114.645528	192.190025072885	-0.170761105626451
114.86022	192.549931486879	-0.0748824135071657
115.074912	192.909837900874	0.0212631128038448
115.289604	193.269744314868	0.119149547058301
115.504296	193.629650728862	0.217141450300454
115.718988	193.989557142856	0.402118499553917
115.93368	194.34946355685	0.49756479552233
116.148372	194.709369970844	0.582403438580762
116.363064	195.069276384838	0.620801974943368
116.577756	195.429182798833	0.689819177805547
116.792448	195.789089212827	0.713640482900693
117.00714	196.148995626821	0.753151330245101
117.221832	196.508902040815	0.782801377361969
117.436524	196.868808454809	0.798478608372966
117.651216	197.228714868804	0.817715783239952
117.865908	197.588621282798	0.833613120088212
118.0806	197.948527696792	0.839848155992187
118.295292	198.308434110786	0.851218771520542
118.509984	198.66834052478	0.86097437029474
118.724676	199.028246938774	0.869737450751322
118.939368	199.388153352769	0.871519475780446
119.15406	199.748059766763	0.873928041624516
119.368752	200.107966180757	0.882876191448402
119.583444	200.467872594751	0.890661654587081
119.798136	200.827779008745	0.889397600318617
120.012828	201.187685422739	0.899086841966998
120.22752	201.547591836734	0.894836484271411
120.442212	201.907498250728	0.890624362073103
120.656904	202.267404664722	0.897336698135718
120.871596	202.627311078716	0.903377428545029
121.086288	202.98721749271	0.902685797760796
121.30098	203.347123906704	0.899703694483607
121.515672	203.707030320699	0.90271918143168
121.730364	204.066936734693	0.90371830237242
121.945056	204.426843148687	0.904776009886117
122.159748	204.786749562681	0.905892150103907
122.37444	205.146655976675	0.905714106409642
122.589132	205.506562390669	0.911282070754711
122.803824	205.866468804664	0.904071156609797
123.018516	206.226375218658	0.91055303952659
123.233208	206.586281632652	0.91158928564442
123.4479	206.946188046646	0.906853113297293
123.662592	207.30609446064	0.91165230548922
123.877284	207.666000874634	0.906751733730428
124.091976	208.025907288629	0.902403304134872
124.306668	208.385813702623	0.9059537380117
124.52136	208.745720116617	0.911824326296279
124.736052	209.105626530611	0.898719460215773
124.950744	209.465532944605	0.885684141007395
125.165436	209.825439358599	0.888965747811367
125.380128	210.185345772594	0.882029228400765
125.59482	210.545252186588	0.888209506763584
125.809512	210.905158600582	0.880469364822132
126.024204	211.265065014576	0.883073716808176
126.238896	211.62497142857	0.885948854344069
126.453588	211.984877842564	0.879939391613818
126.66828	212.344784256559	0.887376593664699
126.882972	212.704690670553	0.880347508221356
127.097664	213.064597084547	0.871506132416945
127.312356	213.424503498541	0.866551254645287
127.527048	213.784409912535	0.842729782725341
127.74174	214.144316326529	0.816902587141005
127.956432	214.504222740523	0.748494753138036
128.171124	214.864129154518	0.68050467778378
128.385816	215.224035568512	0.612960966727561
128.600508	215.583941982506	0.574695389732322
128.8152	215.9438483965	0.541465040741366
129.029892	216.303754810494	0.509610965884838
129.244584	216.663661224488	0.479137266420121
129.459276	217.023567638483	0.442337089778779
129.673968	217.383474052477	0.409684200622352
129.88866	217.743380466471	0.390772835344638
130.103352	218.103286880465	0.215644316473239
130.318044	218.463193294459	0.0393258206474251
130.532736	218.823099708454	-0.0583091600297188
130.747428	219.183006122448	-0.0969300754274549
130.96212	219.542912536442	-0.350200143782271
131.176812	219.902818950436	-0.440051913086783
131.391504	220.26272536443	-0.531881730158996
131.606196	220.622631778424	-0.623699787750179
131.820888	220.982538192419	-0.666710682395841
132.03558	221.342444606413	-0.712100247898014
132.250272	221.702351020407	-0.746291142807926
132.464964	222.062257434401	-0.772180987475926
132.679656	222.422163848395	-0.800526945705533
132.894348	222.782070262389	-0.810058459980057
133.10904	223.141976676384	-0.829120017722549
133.323732	223.501883090378	-0.834316224952593
133.538424	223.861789504372	-0.84839874430613
133.753116	224.221695918366	-0.858058762685175
133.967808	224.58160233236	-0.866895016770166
134.1825	224.941508746354	-0.872512576975381
134.397192	225.301415160349	-0.878233682185284
134.611884	225.661321574343	-0.884057511385115
134.826576	226.021227988337	-0.889983232763409
135.041268	226.381134402331	-0.890365254782451
135.25596	226.741040816325	-0.888535560622927
135.470652	227.100947230319	-0.894738811994515
135.685344	227.460853644314	-0.900717732551545
135.900036	227.820760058308	-0.901265745977953
136.114728	228.180666472302	-0.903387478264227
136.32942	228.540572886296	-0.905592273683642
136.544112	228.90047930029	-0.907879835263865
136.758804	229.260385714284	-0.909258652183078
136.973496	229.620292128278	-0.905515670651435
137.188188	229.980198542273	-0.907506586121697
137.40288	230.340104956267	-0.912114378951384
137.617572	230.700011370261	-0.910520761412826
137.832264	231.059917784255	-0.913520429123792
138.046956	231.419824198249	-0.916542615802081
138.261648	231.779730612244	-0.919587272641744
138.47634	232.139637026238	-0.915964054513957
138.691032	232.499543440232	-0.909225163182267
138.905724	232.859449854226	-0.902454235356276
139.120416	233.21935626822	-0.900150168010702
139.335108	233.579262682214	-0.894356675599744
139.5498	233.939169096209	-0.896990024526942
139.764492	234.299075510203	-0.899734238385109
139.979184	234.658981924197	-0.894193732616221
140.193876	235.018888338191	-0.892407439440955
140.408568	235.378794752185	-0.890603941879598
140.62326	235.738701166179	-0.888538240090867
140.837952	236.098607580174	-0.89271227623941
141.052644	236.458513994168	-0.90595464734571
141.267336	236.818420408162	-0.905130401507266
141.482028	237.178326822156	-0.905583467142804
141.69672	237.53823323615	-0.902896602505209
141.911412	237.898139650144	-0.886238213131403
142.126104	238.258046064139	-0.840813625311223
142.340796	238.617952478133	-0.805171287429099
142.555488	238.977858892127	-0.703480170027133
142.77018	239.337765306121	-0.658893134046146
142.984872	239.697671720115	-0.62651748221775
143.199564	240.057578134109	-0.619467546104495
143.414256	240.417484548104	-0.61041761453842
143.628948	240.777390962098	-0.63058133408455
143.84364	241.137297376092	-0.652259370577343
144.058332	241.497203790086	-0.669116641413207
144.273024	241.85711020408	-0.839392386065127
144.487716	242.217016618074	-0.692713458163799
144.702408	242.576923032069	-0.544846705811861
144.9171	242.936829446063	-0.536080106270767
145.131792	243.296735860057	-0.520383913036109
145.346484	243.656642274051	-0.260723543464002
145.561176	244.016548688045	-0.124683014703337
145.775868	244.376455102039	0.00188926884617683
145.99056	244.736361516034	0.119159832025111
146.205252	245.096267930028	0.300315709362069
146.419944	245.456174344022	0.409770715432527
146.634636	245.816080758016	0.542835970630261
146.849328	246.17598717201	0.576971391875898
147.06402	246.535893586004	0.656219244636576
147.278712	246.895799999999	0.696412703238573
147.493404	247.255706413993	0.736421332557893
147.708096	247.615612827987	0.760444266070997
147.922788	247.975519241981	0.784496569216373
148.13748	248.335425655975	0.807971540358554
148.352172	248.695332069969	0.829990403842739
148.566864	249.055238483964	0.835573493298898
148.781556	249.415144897958	0.852946947332486
148.996248	249.775051311952	0.855588798034389
149.21094	250.134957725946	0.858313646238538
149.425632	250.49486413994	0.870269136996184
149.640324	250.854770553934	0.880674152497917
149.855016	251.214676967929	0.882766782904304
150.069708	251.574583381923	0.893538540821674
150.2844	251.934489795917	0.893727374298902
150.499092	252.294396209911	0.892562397058598
150.713784	252.654302623905	0.899220901642504
150.928476	253.014209037899	0.895925305653402
151.143168	253.374115451894	0.900232112266611
151.35786	253.734021865888	0.907109064286532
151.572552	254.093928279882	0.905306097269963
151.787244	254.453834693876	0.91428904218588
152.001936	254.81374110787	0.916879191062587
152.216628	255.173647521864	0.913558904602588
152.43132	255.533553935859	0.91811170719758
152.646012	255.893460349853	0.915176008144694
152.860704	256.253366763847	0.910190959509337
153.075396	256.613273177841	0.912089518907524
153.290088	256.973179591835	0.909834332294804
153.50478	257.333086005829	0.901402387146051
153.719472	257.692992419824	0.899780929910505
153.934164	258.052898833818	0.895021058171465
154.148856	258.412805247812	0.894835652596649
154.363548	258.772711661806	0.893281013051781
154.57824	259.1326180758	0.891838380955034
154.792932	259.492524489794	0.896475765582948
155.007624	259.852430903789	0.901946985311305
155.222316	260.212337317783	0.904952169445702
155.437008	260.572243731777	0.919252882822148
155.6517	260.932150145771	0.920584287745699
155.866392	261.292056559765	0.912188293859928
156.081084	261.651962973759	0.914866831609794
156.295776	262.011869387754	0.993314395806185
156.510468	262.371775801748	0.831136594413743
156.72516	262.731682215742	0.787136041446481
156.939852	263.091588629736	0.719262728060534
157.154544	263.45149504373	0.659694116892922
157.369236	263.811401457724	0.652880170533104
157.583928	264.171307871719	0.643117038955246
157.79862	264.531214285713	0.650487196753689
158.013312	264.891120699707	0.701628382761224
158.228004	265.251027113701	0.754719418527339
158.442696	265.610933527695	0.793473031006121
158.657388	265.970839941689	0.957222111802632
158.87208	266.330746355684	0.850442933544439
159.086772	266.690652769678	0.742318891074626
159.301464	267.050559183672	0.793491069386149
159.516156	267.410465597666	0.773917770457081
159.730848	267.77037201166	0.689092413990272
159.94554	268.130278425654	0.60956614764289
160.160232	268.490184839649	0.543664072482395
160.374924	268.850091253643	0.487416026329472
160.589616	269.209997667637	0.309246597245415
160.804308	269.569904081631	0.189082777385477
161.019	269.929810495625	0.00469496718927487
161.233692	270.289716909619	-0.0541362128106232
161.448384	270.649623323614	-0.251360380459115
161.663076	271.009529737608	-0.360117198208317
161.877768	271.369436151602	-0.47242225151893
162.09246	271.729342565596	-0.568232802774743
162.307152	272.08924897959	-0.628103719343681
162.521844	272.449155393584	-0.684425914006714
162.736536	272.809061807579	-0.731734539054736
162.951228	273.168968221573	-0.753838208031429
163.16592	273.528874635567	-0.787158612044864
163.380612	273.888781049561	-0.801715578482395
163.595304	274.248687463555	-0.817778389561152
163.809996	274.608593877549	-0.830302196375861
164.024688	274.968500291544	-0.843006484782535
164.23938	275.328406705538	-0.854957045741537
164.454072	275.688313119532	-0.862990393086867
164.668764	276.048219533526	-0.870178796882384
164.883456	276.40812594752	-0.877734940019994
165.098148	276.768032361514	-0.885381720909332
165.31284	277.127938775509	-0.893118217134387
165.527532	277.487845189503	-0.894382431141628
165.742224	277.847751603497	-0.892797973239295
165.956916	278.207658017491	-0.896985993419424
166.171608	278.567564431485	-0.90840291337062
166.3863	278.927470845479	-0.910245299412021
166.600992	279.287377259474	-0.914828765866393
166.815684	279.647283673468	-0.917337895851707
167.030376	280.007190087462	-0.915439564333995
167.245068	280.367096501456	-0.913108619786213
167.45976	280.72700291545	-0.906251850278738
167.674452	281.086909329444	-0.901228997567536
167.889144	281.446815743439	-0.896962085892349
168.103836	281.806722157433	-0.891032687817408
168.318528	282.166628571427	-0.894461429528817
168.53322	282.526534985421	-0.893642023401266
168.747912	282.886441399415	-0.894404131548896
168.962604	283.246347813409	-0.895299046948252
169.177296	283.606254227404	-0.897229399674809
169.391988	283.966160641398	-0.897586438272716
169.60668	284.326067055392	-0.907130092347705
169.821372	284.685973469386	-0.921786125864872
170.036064	285.04587988338	-0.927330916435832
170.250756	285.405786297374	-0.925717967888741
170.465448	285.765692711369	-0.92485790070073
170.68014	286.125599125363	-0.867943747665331
170.894832	286.485505539357	-0.818954302253989
171.109524	286.845411953351	-0.770547423026368
171.324216	287.205318367345	-0.705465109030025
171.538908	287.565224781339	-0.686773099828634
171.7536	287.925131195334	-0.66955521385641
171.968292	288.285037609328	-0.653812242073796
172.182984	288.644944023322	-0.686386142648449
172.397676	289.004850437316	-0.744732093019574
172.612368	289.36475685131	-0.803633822119295
172.82706	289.724663265304	-0.863064833837527
173.041752	290.084569679299	-0.908684749919589
173.256444	290.444476093293	-0.901063186855431
173.471136	290.804382507287	-0.874700000609959
173.685828	291.164288921281	-0.872115135128606
173.90052	291.524195335275	-0.869487326210709
174.115212	291.884101749269	-0.826168137939086
174.329904	292.244008163264	-0.789350818239519
174.544596	292.603914577258	-0.765610510062912
174.759288	292.963820991252	-0.731147169849528
174.97398	293.323727405246	-0.68948768554177
175.188672	293.68363381924	-0.647650130210678
175.403364	294.043540233234	-0.559966602487762
175.618056	294.403446647229	-0.52914009326139
175.832748	294.763353061223	-0.359737922082033
176.04744	295.123259475217	-0.24126350411204
176.262132	295.483165889211	-0.0728262007713188
176.476824	295.843072303205	0.0364213434183912
176.691516	296.202978717199	0.171120742567804
176.906208	296.562885131194	0.305537450827851
177.1209	296.922791545188	0.498109350440738
177.335592	297.282697959182	0.521626147529382
177.550284	297.642604373176	0.609006911039408
177.764976	298.00251078717	0.663194135438938
177.979668	298.362417201164	0.714315459394405
178.19436	298.722323615159	0.738789576259221
178.409052	299.082230029153	0.764143032463622
178.623744	299.442136443147	0.794128979614404
178.838436	299.802042857141	0.824379679092813
179.053128	300.161949271135	0.832889044191799
179.26782	300.521855685129	0.837909938499001
179.482512	300.881762099124	0.853823169601523
179.697204	301.241668513118	0.858487895032664
179.911896	301.601574927112	0.871484058941345
180.126588	301.961481341106	0.88204219112937
180.34128	302.3213877551	0.887082323583855
180.555972	302.681294169094	0.893131080388429
180.770664	303.041200583089	0.89920704301968
180.985356	303.401106997083	0.905309422038249
181.200048	303.761013411077	0.907177377257196
181.41474	304.120919825071	0.905416140859797
181.629432	304.480826239065	0.899397494736959
181.844124	304.840732653059	0.902402388818218
182.058816	305.200639067054	0.899901795992949
182.273508	305.560545481048	0.894492903287166
182.4882	305.920451895042	0.895002442727706
182.702892	306.280358309036	0.889168579910926
182.917584	306.64026472303	0.890282219053733
183.132276	307.000171137024	0.887280735569239
183.346968	307.360077551019	0.884450444420414
183.56166	307.719983965013	0.89651576862
183.776352	308.079890379007	0.903641336092259
183.991044	308.439796793001	0.913400036215615
184.205736	308.799703206995	0.945697300721042
184.420428	309.159609620989	0.934159523001956
184.63512	309.519516034984	0.922347286675634
184.849812	309.879422448978	0.928138751631413
185.064504	310.239328862972	0.833801004320083
185.279196	310.599235276966	0.792510435256759
185.493888	310.95914169096	0.752056412579158
185.70858	311.319048104954	0.706362406843823
185.923272	311.678954518949	0.663811618604331
186.137964	312.038860932943	0.670355798887837
186.352656	312.398767346937	0.673598108947302
186.567348	312.758673760931	0.706477604411524
186.78204	313.118580174925	0.753202610163566
186.996732	313.478486588919	0.856417305812226
187.211424	313.838393002914	0.886380361796096
187.426116	314.198299416908	0.923540387470924
187.640808	314.558205830902	0.920682935480969
187.8555	314.918112244896	0.907790389554681
188.070192	315.27801865889	0.897971862560262
188.284884	315.637925072884	0.889776974039295
188.499576	315.997831486879	0.864448679984128
188.714268	316.357737900873	0.839175203404425
188.92896	316.717644314867	0.832001623337868
189.143652	317.077550728861	0.819452974370294
189.358344	317.437457142855	0.804141655752218
189.573036	317.797363556849	0.789856142903225
189.787728	318.157269970844	0.766650382381042
190.00242	318.517176384838	0.745949802785932
190.217112	318.877082798832	0.710032181887387
190.431804	319.236989212826	0.667100657969721
190.646496	319.59689562682	0.612626978565784
190.861188	319.956802040814	0.518410762267519
191.07588	320.316708454809	0.414565945355064
191.290572	320.676614868803	0.310563427909013
191.505264	321.036521282797	0.101503104053318
191.719956	321.396427696791	0.043214954495053
191.934648	321.756334110785	-0.126124343193692
192.14934	322.116240524779	-0.247918282627327
192.364032	322.476146938774	-0.439188546163667
192.578724	322.836053352768	-0.496224543871062
192.793416	323.195959766762	-0.558802867104409
193.008108	323.555866180756	-0.636492931863061
193.2228	323.91577259475	-0.714875288890199
193.437492	324.275679008744	-0.734224213563678
193.652184	324.635585422739	-0.75765237530157
193.866876	324.995491836733	-0.788708247317428
194.081568	325.355398250727	-0.811609705887701
194.29626	325.715304664721	-0.826026760382329
194.510952	326.075211078715	-0.837092698290263
194.725644	326.435117492709	-0.851853056368059
194.940336	326.795023906704	-0.867839773036557
195.155028	327.154930320698	-0.877534186759768
195.36972	327.514836734692	-0.886663961155992
195.584412	327.874743148686	-0.891103533436131
195.799104	328.23464956268	-0.898011815396432
196.013796	328.594555976674	-0.895458691410556
196.228488	328.954462390669	-0.890502653929951
196.44318	329.314368804663	-0.884890119837707
196.657872	329.674275218657	-0.875702592542672
196.872564	330.034181632651	-0.874815833137239
197.087256	330.394088046645	-0.880219920534585
197.301948	330.753994460639	-0.886444818486805
197.51664	331.113900874634	-0.887807556124712
197.731332	331.473807288628	-0.891453579668781
197.946024	331.833713702622	-0.896908032819563
198.160716	332.193620116616	-0.902465057214423
198.375408	332.55352653061	-0.912109601539223
198.5901	332.913432944604	-0.941252679611291
198.804792	333.273339358599	-0.933940629423993
199.019484	333.633245772593	-0.841331824219825
199.234176	333.993152186587	-0.92662277621959
199.448868	334.353058600581	-0.813384746028635
199.66356	334.712965014575	-0.774301284027005
199.878252	335.072871428569	-0.734182788848509
200.092944	335.432777842564	-0.696484743755773
200.307636	335.792684256558	-0.658189424622006
200.522328	336.152590670552	-0.666390902542578
200.73702	336.512497084546	-0.685842225570223
200.951712	336.87240349854	-0.729386996842161
201.166404	337.232309912534	-0.757103048812648
201.381096	337.592216326529	-0.885066427433255
201.595788	337.952122740523	-0.904560558468322
201.81048	338.312029154517	-0.92807332488596
202.025172	338.671935568511	-0.921759698949991
202.239864	339.031841982505	-0.915121222172445
202.454556	339.3917483965	-0.908161589908447
202.669248	339.751654810494	-0.899291328253287
202.88394	340.111561224488	-0.885194755500622
203.098632	340.471467638482	-0.871460568746793
203.313324	340.831374052476	-0.862740906593161
203.528016	341.19128046647	-0.852709014437135
203.742708	341.551186880464	-0.845654828419748
203.9574	341.911093294459	-0.84012846600087
204.172092	342.270999708453	-0.834097655340231
204.386784	342.630906122447	-0.826568256810637
204.601476	342.990812536441	-0.819826821031622
204.816168	343.350718950435	-0.81415196682628
205.03086	343.710625364429	-0.789462405658671
205.245552	344.070531778424	-0.767047343854232
205.460244	344.430438192418	-0.730317356621754
205.674936	344.790344606412	-0.689970538123986
205.889628	345.150251020406	-0.615395848135539
206.10432	345.5101574344	-0.577823518112255
206.319012	345.870063848394	-0.465811903293095
206.533704	346.229970262389	-0.362623985123014
206.748396	346.589876676383	-0.18657839798978
206.963088	346.949783090377	-0.0676048024968692
207.17778	347.309689504371	0.0545615341872083
207.392472	347.669595918365	0.184185421970763
207.607164	348.029502332359	0.313522435774722
207.821856	348.389408746354	0.46285082700609
208.036548	348.749315160348	0.497046866629187
208.25124	349.109221574342	0.618094024478408
208.465932	349.469127988336	0.692091622442353
208.680624	349.82903440233	0.716190043693497
208.895316	350.188940816324	0.745805860139839
209.110008	350.548847230319	0.779139610274845
209.3247	350.908753644313	0.813716711294622
209.539392	351.268660058307	0.835098920485999
209.754084	351.628566472301	0.839147609347903
209.968776	351.988472886295	0.852497269803045
210.183468	352.348379300289	0.864369043808822
210.39816	352.708285714284	0.864228803015695
210.612852	353.068192128278	0.86897376502893
210.827544	353.428098542272	0.87177220506453
211.042236	353.788004956266	0.871011769218004
211.256928	354.14791137026	0.874941442302256
211.47162	354.507817784255	0.872109510840054
211.686312	354.867724198249	0.87721986498505
211.901004	355.227630612243	0.875511715512366
212.115696	355.587537026237	0.888021288464572
212.330388	355.947443440231	0.893292463552026
212.54508	356.307349854225	0.89858741288266
212.759772	356.667256268219	0.915864460638667
212.974464	357.027162682214	0.935318462825648
213.189156	357.387069096208	0.925014310931281
213.403848	357.746975510202	0.916658951203456
213.61854	358.106881924196	0.914407468693198
213.833232	358.46678833819	0.812426518284574
214.047924	358.826694752184	0.764471617032483
214.262616	359.186601166179	0.717871849741344
214.477308	359.546507580173	0.685310235839624
214.692	359.906413994167	0.670404078198232
