"Distance [mm]"	"Bt []"
0	-0.0010058002469589
0.214692	0.0419989352653047
0.429384	0.0848149697740474
0.644076	0.146216410173375
0.858768	0.214714373274261
1.07346	0.205433645231651
1.288152	0.132064862481867
1.502844	0.0744273884165208
1.717536	0.0527534159034779
1.932228	0.0364536885969129
2.14692	0.0296717050445551
2.361612	0.0227999082727429
2.576304	0.0212835346709014
2.790996	0.0223335243441222
3.005688	0.0303628596750501
3.22038	0.0392005368900861
3.435072	0.0441544351249852
3.649764	0.0493752898305925
3.864456	0.0525954212875424
4.079148	0.0557591527464652
4.29384	0.0531099992483748
4.508532	0.0505126657408673
4.723224	0.0516138656001457
4.937916	0.053938383619448
5.152608	0.0577307384518941
5.3673	0.0558098274348704
5.581992	0.0672682751394215
5.796684	0.0856270391379879
6.011376	0.100057605967021
6.226068	0.114480473278847
6.44076	0.141540215701085
6.655452	0.179676918720089
6.870144	0.22688998845344
7.084836	0.289829146419489
7.299528	0.317193985043647
7.51422	0.285629035712302
7.728912	0.329594673786261
7.943604	0.329401126220833
8.158296	0.323671877750868
8.372988	0.257337408255692
8.58768	0.194180373005332
8.802372	0.149039426454697
9.017064	0.137650018511385
9.231756	0.127298741087027
9.446448	0.117988238643565
9.66114	0.0774982968073225
9.875832	0.0759063767991185
10.090524	0.074623754972958
10.305216	0.0736518258545514
10.519908	0.0610625370959401
10.7346	0.0572753058908924
10.949292	0.0533985302568673
11.163984	0.0495466128730113
11.378676	0.045073926787262
11.593368	0.034720088379142
11.80806	0.0282383676953441
12.022752	0.0284694483274532
12.237444	0.0313687852667841
12.452136	0.041674737431812
12.666828	0.0626916613002773
12.88152	0.0932591406504709
13.096212	0.160198820474114
13.310904	0.229361487348173
13.525596	0.212639638708181
13.740288	0.134517284614422
13.95498	0.0746123756778702
14.169672	0.0323216198914878
14.384364	-0.0121636436033738
14.599056	-0.0661453168246433
14.813748	-0.119599147668791
15.02844	-0.101077465133947
15.243132	-0.0752546077967162
15.457824	-0.0469486914528521
15.672516	-0.0161628949932958
15.887208	-0.0684721595906445
16.1019	-0.0452639507486538
16.316592	-0.0293511663328294
16.531284	-0.0221315902820332
16.745976	-0.0157893541618019
16.960668	-0.0162767048409178
17.17536	-0.0201982543227786
17.390052	-0.0304311591946329
17.604744	-0.0370697560432539
17.819436	-0.0382774454516177
18.034128	-0.0394210559508107
18.24882	-0.0404990998940011
18.463512	-0.0410103681974574
18.678204	-0.0392666372111789
18.892896	-0.0378061351095664
19.107588	-0.034538667948968
19.32228	-0.0311982701584165
19.536972	-0.0310267035452581
19.751664	-0.0306223476603227
19.966356	-0.0305080989063439
20.181048	-0.0309306683642185
20.39574	-0.0359563796044053
20.610432	-0.0447994889502267
20.825124	-0.0536415283889174
21.039816	-0.0631984854305003
21.254508	-0.0732785409574384
21.4692	-0.098691496452401
21.683892	-0.127416620892515
21.898584	-0.163075774480025
22.113276	-0.200187915264455
22.327968	-0.268487926602275
22.54266	-0.332993682931685
22.757352	-0.333368593761629
22.972044	-0.262119618550213
23.186736	-0.294252535340683
23.401428	-0.327942842701646
23.61612	-0.286989967414285
23.830812	-0.225721496526314
24.045504	-0.184031453583884
24.260196	-0.150315891766878
24.474888	-0.133456729427386
24.68958	-0.123610165661238
24.904272	-0.10582955353463
25.118964	-0.0868156925008162
25.333656	-0.0729271092163645
25.548348	-0.062422016797089
25.76304	-0.0515973681222324
25.977732	-0.0438049500588115
26.192424	-0.0389907687809726
26.407116	-0.0403759253639349
26.621808	-0.0455040864713148
26.8365	-0.0543986291736427
27.051192	-0.0758141487544007
27.265884	-0.104792037300329
27.480576	-0.177385991006645
27.695268	-0.235690417041691
27.90996	-0.212226640653499
28.124652	-0.143306595319963
28.339344	-0.0779099967156308
28.554036	-0.0324026195454684
28.768728	0.0187516939267208
28.98342	0.0742130256100461
29.198112	0.129111789543657
29.412804	0.184606159122166
29.627496	0.226305348719512
29.842188	0.144529060168812
30.05688	0.0460774598717395
30.271572	0.0450437329428361
30.486264	0.0276676065969801
30.700956	0.020556686137314
30.915648	0.0173858719700897
31.13034	0.0184601977396018
31.345032	0.0173343671666198
31.559724	0.0216310524108502
31.774416	0.0307885950830502
31.989108	0.032085655846664
32.2038	0.0351154207995279
32.418492	0.0381391859905758
32.633184	0.0373509602350414
32.847876	0.0378048782991888
33.062568	0.0355905610791028
33.27726	0.0334141923015854
33.491952	0.0287570140093843
33.706644	0.0244451630297601
33.921336	0.0207350780911963
34.136028	0.0191676150748532
34.35072	0.0177181453863146
34.565412	0.0163855832894623
34.780104	0.0193365177519788
34.994796	0.0216037864134286
35.209488	0.0256961812261371
35.42418	0.0297936605111652
35.638872	0.0290958882855432
35.853564	0.0383590718816472
36.068256	0.0486757490610302
36.282948	0.0598007815295412
36.49764	0.0722864582703534
36.712332	0.0919563751395835
36.927024	0.110132363880058
37.141716	0.132113803422731
37.356408	0.120648178158787
37.5711	0.21541076769072
37.785792	0.332035434786421
38.000484	0.316367388184209
38.215176	0.303473725480896
38.429868	0.304881714855325
38.64456	0.32865212870056
38.859252	0.333186853991762
39.073944	0.313581750728511
39.288636	0.220340884384165
39.503328	0.1554703729414
39.71802	0.130166330237687
39.932712	0.110452236651645
40.147404	0.0921482417920143
40.362096	0.077434324265498
40.576788	0.0649316864298446
40.79148	0.0627460790674604
41.006172	0.0616050227855123
41.220864	0.0690490168607341
41.435556	0.0966534717774551
41.650248	0.128226274263384
41.86494	0.148771202049304
42.079632	0.127748644532346
42.294324	0.104644077496129
42.509016	0.079462283897886
42.723708	0.112215990314999
42.9384	0.0359203787584711
43.153092	-0.0401522848943766
43.367784	-0.115988984290033
43.582476	-0.19157674014448
43.797168	-0.111370113797916
44.01186	-0.0606824126199674
44.226552	-0.00793228119832363
44.441244	0.04687330829617
44.655936	-0.0598241389817958
44.870628	-0.0447243031243339
45.08532	-0.029836647070215
45.300012	-0.0151621770149074
45.514704	-0.0131068355333666
45.729396	-0.0175317116992007
45.944088	-0.022015859698772
46.15878	-0.0265572496368205
46.373472	-0.0294393792722003
46.588164	-0.0320333175525267
46.802856	-0.0342802429614464
47.017548	-0.0327637720610738
47.23224	-0.0275010886617808
47.446932	-0.0261172278306579
47.661624	-0.0246335404449677
47.876316	-0.0211871327845146
48.091008	-0.0167864917740917
48.3057	-0.0148497556740468
48.520392	-0.0131494340543151
48.735084	-0.00956000334714775
48.949776	-0.00809495659590684
49.164468	-0.0092730058377687
49.37916	-0.011161164458007
49.593852	-0.0158271744386518
49.808544	-0.0175382806426754
50.023236	-0.0178320480165044
50.237928	-0.0205768837559392
50.45262	-0.0219250054666658
50.667312	-0.0240310470933261
50.882004	-0.0276664161709184
51.096696	-0.0366517019231525
51.311388	-0.0463054290985305
51.52608	-0.0543468275989176
51.740772	-0.0589985146990538
51.955464	-0.0816914496466142
52.170156	-0.102775871148015
52.384848	-0.136313019116444
52.59954	-0.171012454630903
52.814232	-0.221388399080842
53.028924	-0.286400471554437
53.243616	-0.328555079598896
53.458308	-0.341456257917286
53.673	-0.296164077029067
53.887692	-0.30778624020501
54.102384	-0.321442885993307
54.317076	-0.275440842144265
54.531768	-0.214260792353755
54.74646	-0.175529011046944
54.961152	-0.139498378445382
55.175844	-0.12558241450337
55.390536	-0.11247986965111
55.605228	-0.107899932060395
55.81992	-0.113472594306021
56.034612	-0.195161405917902
56.249304	-0.258621486399538
56.463996	-0.235427370792098
56.678688	-0.187536832415132
56.89338	-0.136787077450268
57.108072	-0.0794478932097553
57.322764	-0.0309497606376771
57.537456	0.0303179714063156
57.752148	0.0823193170919588
57.96684	0.133464236537317
58.181532	0.175713706827118
58.396224	0.194684040780724
58.610916	0.0962257748598995
58.825608	0.0266004794128317
59.0403	0.02464391363299
59.254992	0.0121593618517469
59.469684	0.01026385767208
59.684376	0.00889209968157329
59.899068	0.0118080653431925
60.11376	0.0125237948367995
60.328452	0.0173879518807727
60.543144	0.0227932455380123
60.757836	0.0243576028450042
60.972528	0.0258016708146491
61.18722	0.0275096475259367
61.401912	0.0272173754105379
61.616604	0.0281921027279325
61.831296	0.0266306584552748
62.045988	0.0238588698431272
62.26068	0.0188439340326881
62.475372	0.0137924276466586
62.690064	0.010570307512831
62.904756	0.00891064623579018
63.119448	0.00730426156847353
63.33414	0.00575006581194151
63.548832	0.0085906668372451
63.763524	0.00882152628484847
63.978216	0.00808005016869569
64.192908	0.00669758062663338
64.4076	0.00940276126142592
64.622292	0.0104927409157304
64.836984	0.0116587760761854
65.051676	0.0128993864585159
65.266368	0.015443672873895
65.48106	0.0195326362870305
65.695752	0.0228091496825759
65.910444	0.0262461117544855
66.125136	0.0334968262569315
66.339828	0.0386885455742104
66.55452	0.0441797311753715
66.769212	0.0499683398716903
66.983904	0.0560522948032032
67.198596	0.0718560144064037
67.413288	0.0903594498197171
67.62798	0.114475684643073
67.842672	0.14015883144757
68.057364	0.183062076985884
68.272056	0.260226252674812
68.486748	0.329285193702142
68.70144	0.344339713640213
68.916132	0.3172654544625
69.130824	0.302252969665149
69.345516	0.32978839390142
69.560208	0.34231256431419
69.7749	0.269200641704626
69.989592	0.19952406658545
70.204284	0.199259356313584
70.418976	0.273094633772209
70.633668	0.304306153356536
70.84836	0.259393617583313
71.063052	0.202037441401667
71.277744	0.144154316623584
71.492436	0.0832911689028738
71.707128	0.0329070498120192
71.92182	-0.0184563885752104
72.136512	-0.0901054501566148
72.351204	-0.16086636464322
72.565896	-0.161001677741352
72.780588	-0.122893499251059
72.99528	-0.0599212229741215
73.209972	-0.0385290637534718
73.424664	-0.0228482375691764
73.639356	-0.0140994214599432
73.854048	-0.00735695631644642
74.06874	-0.00443821622641879
74.283432	-0.00593241733915457
74.498124	-0.00849221868565235
74.712816	-0.0144214077785872
74.927508	-0.017416951786161
75.1422	-0.021488546801488
75.356892	-0.0224915352047529
75.571584	-0.0210993472212958
75.786276	-0.0203567136421583
76.000968	-0.018345402828159
76.21566	-0.0167576963224386
76.430352	-0.0134613776793585
76.645044	-0.0111334729828324
76.859736	-0.00883874676266172
77.074428	-0.00657621254178333
77.28912	-0.00434487851532249
77.503812	-0.00678692255437363
77.718504	-0.00388680491329539
77.933196	-0.00258247558957859
78.147888	-0.00215947518078822
78.36258	-0.00400648726002318
78.577272	-0.00450502219892742
78.791964	-0.00504712770932833
79.006656	-0.00563139633652119
79.221348	-0.00779540090882502
79.43604	-0.00658698702218186
79.650732	-0.0059491010879898
79.865424	-0.00724110322067289
80.080116	-0.0094133895927036
80.294808	-0.0110583777815311
80.5095	-0.012822897041782
80.724192	-0.0147053909100524
80.938884	-0.0175586280197204
81.153576	-0.0203048622119629
81.368268	-0.0205661747896111
81.58296	-0.0287480653294266
81.797652	-0.0370791409958078
82.012344	-0.0491556723039729
82.227036	-0.0549642893949519
82.441728	-0.0712111079884522
82.65642	-0.0940762919015567
82.871112	-0.110368959574168
83.085804	-0.128320986744559
83.300496	-0.168107515803479
83.515188	-0.210872397241724
83.72988	-0.281451561551961
83.944572	-0.345191598490621
84.159264	-0.325793649439527
84.373956	-0.316962673208075
84.588648	-0.387343451571149
84.80334	-0.456188182500539
85.018032	-0.427633468241469
85.232724	-0.351247167689191
85.447416	-0.28153779814347
85.662108	-0.209963543536274
85.8768	-0.138931640595299
86.091492	-0.0684540977825732
86.306184	-0.0486018823487592
86.520876	-0.0238510198865894
86.735568	-0.00130750255337007
86.95026	0.0190241270422483
87.164952	0.0371395157507788
87.379644	0.0429864754295754
87.594336	0.028275448316145
87.809028	0.0135243496694939
88.02372	-0.00126578583227192
88.238412	-0.00342209677821387
88.453104	-0.00192882889168448
88.667796	0.00107003322074827
88.882488	0.00347109659353244
89.09718	0.00658493745839748
89.311872	0.00713627727415219
89.526564	0.00528154943412487
89.741256	0.00540421787605422
89.955948	0.00626288831307232
90.17064	0.00701654590287572
90.385332	0.00935212961407378
90.600024	0.0100912380502541
90.814716	0.0104866739186229
91.029408	0.00770402583292448
91.2441	0.00484311382046777
91.458792	0.0009109758194125
91.673484	-0.000946430632987218
91.888176	-0.000987159464930002
92.102868	6.41536148963327E-05
92.31756	0.00361359249766804
92.532252	0.00519700816524207
92.746944	0.00545792801292677
92.961636	0.00399205653290421
93.176328	0.00108914681169997
93.39102	0.000336148220491875
93.605712	-0.000464986248867074
93.820404	0.00113656284899461
94.035096	0.00489401715820812
94.249788	0.00708752619902047
94.46448	0.00924605670002942
94.679172	0.00815680503676373
94.893864	0.00551798797191035
95.108556	0.00599563347433789
95.323248	0.00601552784865937
95.53794	0.00832044727990456
95.752632	0.0126156369321379
95.967324	0.0175314130016563
96.182016	0.023823328893274
96.396708	0.024183180560794
96.6114	0.024629964747458
96.826092	0.0279579251721655
97.040784	0.0344725584802585
97.255476	0.04184293043302
97.470168	0.0478349130550954
97.68486	0.0649350241304858
97.899552	0.0876443889091167
98.114244	0.110376886335735
98.328936	0.121310903160236
98.543628	0.169020620525394
98.75832	0.235624947105801
98.973012	0.314869449361953
99.187704	0.351784141581657
99.402396	0.365339646996231
99.617088	0.371617940840831
99.83178	0.380226620140205
100.046472	0.388227596639662
100.261164	0.349876915581678
100.475856	0.22817243095291
100.690548	0.177381559943961
100.90524	0.0975991037218557
101.119932	0.0191653491916902
101.334624	0.0137633630299799
101.549316	0.0242343306058236
101.764008	0.0337557358298983
101.9787	0.0314836867241977
102.193392	0.0265404533317179
102.408084	0.0200702079501177
102.622776	0.0223065113384123
102.837468	0.0190820457182339
103.05216	0.0157693320457632
103.266852	0.0131002492630327
103.481544	0.00962639913621962
103.696236	0.00792358970781246
103.910928	0.0063078073315322
104.12562	0.00478058847381541
104.340312	0.00257735312297754
104.555004	0.0034192450820098
104.769696	0.00394030233186565
104.984388	0.00384732871873625
105.19908	0.00247659821468609
105.413772	0.00194149930109487
105.628464	0.00142220973781265
105.843156	0.000920128842167835
106.057848	0.000436653866530124
106.27254	-0.000395292875156407
106.487232	0.00139828175653291
106.701924	0.00170447566252455
106.916616	0.00196366745686441
107.131308	0.000146167783143695
107.346	-0.000353752704478564
107.560692	-0.000859469176569243
107.775384	-0.00136957867349835
107.990076	-0.0028838230234447
108.204768	-0.00128281767085164
108.41946	3.72215916950655E-05
108.634152	0.0011344154022969
108.848844	-0.000189954414049304
109.063536	-0.000760631374821202
109.278228	-0.00135377859909879
109.49292	-0.00196798601323214
109.707612	-0.00360371733569562
109.922304	-0.00383141147480344
110.136996	-0.00387001791415223
110.351688	-0.00362452518401883
110.56638	-0.00548602151972828
110.781072	-0.00678370683013675
110.995764	-0.00816663542343487
111.210456	-0.00963330683252567
111.425148	-0.0111822106133948
111.63984	-0.012887905425012
111.854532	-0.0157485535404078
112.069224	-0.0193218226187923
112.283916	-0.0236480437048734
112.498608	-0.032046999182787
112.7133	-0.0327258862148133
112.927992	-0.0328780800352078
113.142684	-0.0335042277921738
113.357376	-0.0179767676024347
113.572068	-0.0066964413587925
113.78676	-0.0755026690048432
114.001452	-0.154999347028544
114.216144	-0.19461001831553
114.430836	-0.315496504148551
114.645528	-0.390075196523728
114.86022	-0.381532538500047
115.074912	-0.373112366236508
115.289604	-0.366065701743663
115.504296	-0.361240228073316
115.718988	-0.32362925822838
115.93368	-0.288069404000335
116.148372	-0.196592947356726
116.363064	-0.133481391077333
116.577756	-0.0952612890690006
116.792448	-0.0650373361308108
117.00714	-0.0606710175383562
117.221832	-0.0516102936150109
117.436524	-0.0445507395680378
117.651216	-0.038894160631575
117.865908	-0.0312223034995403
118.0806	-0.0256698647605012
118.295292	-0.0212433300144483
118.509984	-0.0183489274369235
118.724676	-0.0171748349145441
118.939368	-0.013708135614385
119.15406	-0.010355488591735
119.368752	-0.00736743241728567
119.583444	-0.00518231087552436
119.798136	-0.00551592450238198
120.012828	-0.00611658130455218
120.22752	-0.00791311380353737
120.442212	-0.00967373763794526
120.656904	-0.00558490774404937
120.871596	-0.00267815436539251
121.086288	-0.000730274896391824
121.30098	0.00113107602350606
121.515672	-0.00159913852331242
121.730364	-0.0022928247462424
121.945056	-0.00300529947496153
122.159748	-0.00373777846291156
122.37444	-0.00611561558614049
122.589132	-0.0041404485537276
122.803824	-0.0015010319858465
123.018516	0.000819246916281663
123.233208	1.9633286146576E-05
123.4479	-0.00251778751528214
123.662592	-0.00594568227176891
123.877284	-0.0100406524427868
124.091976	-0.0139612445725821
124.306668	-0.0130181124479414
124.52136	-0.0124981820008557
124.736052	-0.0127539533903804
124.950744	-0.0128318135004987
125.165436	-0.00252279406271914
125.380128	-0.000983765845665181
125.59482	-0.00392658097634342
125.809512	-0.00616532704191032
126.024204	-0.00309345711148886
126.238896	-0.00070830492359566
126.453588	0.00151592676916325
126.66828	0.00262133950809691
126.882972	-0.00164306269200788
127.097664	-0.00613580647470649
127.312356	-0.0244171910723783
127.527048	-0.0425285036732196
127.74174	-0.0167043992991503
127.956432	0.00108038148889319
128.171124	0.021103404235909
128.385816	0.0433604844808678
128.600508	0.050274060887647
128.8152	0.120613881797628
129.029892	0.19150862103781
129.244584	0.262946287498994
129.459276	0.33133941164291
129.673968	0.407095246858734
129.88866	0.47650080785146
130.103352	0.409720393285853
130.318044	0.345955089367722
130.532736	0.318037338340149
130.747428	0.33583848901629
130.96212	0.302630956370485
131.176812	0.235383726188976
131.391504	0.183870731503562
131.606196	0.143999958548284
131.820888	0.116791505887865
132.03558	0.100624655802001
132.250272	0.0836915373979833
132.464964	0.0619949484242932
132.679656	0.0498485303793358
132.894348	0.0462683618038563
133.10904	0.0332484837420086
133.323732	0.0260921141713895
133.538424	0.0211134494247232
133.753116	0.018142938637157
133.967808	0.0155071501919064
134.1825	0.0136092148029285
134.397192	0.0118144312205968
134.611884	0.010124361243695
134.826576	0.00854055395222546
135.041268	0.00661520485695809
135.25596	0.0062258464439192
135.470652	0.00707475800892027
135.685344	0.00798146356804252
135.900036	0.00538769453446568
136.114728	0.00476749135898778
136.32942	0.0041855790499966
136.544112	0.0036433726954321
136.758804	0.00215147225172182
136.973496	0.00331444453737348
137.188188	0.00544005354156383
137.40288	0.00810761532503197
137.617572	0.00504436228582925
137.832264	0.00769246639658773
138.046956	0.0103740387469971
138.261648	0.0130900080467464
138.47634	0.0190677502716497
138.691032	0.0218054446503122
138.905724	0.0234895771498299
139.120416	0.0214951547864028
139.335108	0.0220859141073673
139.5498	0.0199374983032884
139.764492	0.01781653160491
139.979184	0.0147664385681032
140.193876	0.0123427687937865
140.408568	0.00899252712911779
140.62326	0.0072370779699078
140.837952	0.00766990702984523
141.052644	0.0101608657641989
141.267336	0.0200746063673423
141.482028	0.0289813522760009
141.69672	0.0538144239526726
141.911412	0.0776480738764766
142.126104	0.147777231901673
142.340796	0.188549374032648
142.555488	0.109447718463694
142.77018	0.0377193438491259
142.984872	-0.0194509970710616
143.199564	-0.0697435366702406
143.414256	-0.128402308385078
143.628948	-0.186364282927415
143.84364	-0.246635342314891
144.058332	-0.292024118913758
144.273024	-0.293270324789717
144.487716	-0.22557790643459
144.702408	-0.159752441294232
144.9171	-0.237191518330468
145.131792	-0.314060367597359
145.346484	-0.332766176783664
145.561176	-0.314625944858862
145.775868	-0.307468110856034
145.99056	-0.327540722718834
146.205252	-0.334986055214953
146.419944	-0.312253930029936
146.634636	-0.223448639372259
146.849328	-0.154775667186149
147.06402	-0.123345943171624
147.278712	-0.108606569989561
147.493404	-0.0880353768172001
147.708096	-0.0655044946956922
147.922788	-0.0480839501777626
148.13748	-0.041833892737025
148.352172	-0.034930315533
148.566864	-0.0282825099644101
148.781556	-0.025657413039219
148.996248	-0.0248043552472831
149.21094	-0.0240421862382771
149.425632	-0.0181520235516075
149.640324	-0.013513469132482
149.855016	-0.0089650567181251
150.069708	-0.00701909108791761
150.2844	-0.0070629309137514
150.499092	-0.0068024177634007
150.713784	-0.0101758779142587
150.928476	-0.0112446653809798
151.143168	-0.00987826268787505
151.35786	-0.00843886398559044
151.572552	-0.00483644525289837
151.787244	-0.00449000954409886
152.001936	-0.00623623424102428
152.216628	-0.00903576984335532
152.43132	-0.0155454834427375
152.646012	-0.0220759910884763
152.860704	-0.0291637407177177
153.075396	-0.0303259345446896
153.290088	-0.0301877389092708
153.50478	-0.0278817765796882
153.719472	-0.0215889588713349
153.934164	-0.0199400095967049
154.148856	-0.0195069268892866
154.363548	-0.0173325034440859
154.57824	-0.0151383937705465
154.792932	-0.0144517967920301
155.007624	-0.0140318309670316
155.222316	-0.0116115071716591
155.437008	-0.012572029829203
155.6517	-0.0205000153715599
155.866392	-0.0332241900435611
156.081084	-0.0730956717907716
156.295776	-0.147306907498158
156.510468	-0.181227351556581
156.72516	-0.161982679382049
156.939852	-0.096888647702678
157.154544	-0.0451886136752033
157.369236	0.0172524589878829
157.583928	0.0657796367231075
157.79862	0.122479877322863
158.013312	0.173656514611424
158.228004	0.228475541474525
158.442696	0.252650783672209
158.657388	0.217928533327408
158.87208	0.141836053479174
159.086772	0.0670037664440124
159.301464	0.111239875619955
159.516156	0.116182546563372
159.730848	0.146850820181419
159.94554	0.177346506274381
160.160232	0.221430564377381
160.374924	0.284071796631503
160.589616	0.332067981389714
160.804308	0.34298886814574
161.019	0.295462317428218
161.233692	0.303907872520925
161.448384	0.323365973064838
161.663076	0.274583535252953
161.877768	0.210711182934963
162.09246	0.168656437612403
162.307152	0.12716629904007
162.521844	0.108760295517768
162.736536	0.0916964618527453
162.951228	0.0696458579595243
163.16592	0.0549122911790109
163.380612	0.0465401013358155
163.595304	0.0356018686882975
163.809996	0.029283399091505
164.024688	0.0232141066502765
164.23938	0.0208998521656651
164.454072	0.0172672355356875
164.668764	0.0154587133268822
164.883456	0.0143131362184852
165.098148	0.0132959726957513
165.31284	0.0124086698801488
165.527532	0.0116236974787176
165.742224	0.0107278462392655
165.956916	0.00951508328893978
166.171608	0.00970320343003577
166.3863	0.0137758075849068
166.600992	0.0154277168676028
166.815684	0.0195353053373505
167.030376	0.025996954656847
167.245068	0.0304759597171686
167.45976	0.0322882983975844
167.674452	0.0335897575756024
167.889144	0.0318151617293805
168.103836	0.0312102153206779
168.318528	0.0296407121707588
168.53322	0.0262217469709069
168.747912	0.0229224308378471
168.962604	0.0196357039688804
169.177296	0.0146334759175869
169.391988	0.012923050004999
169.60668	0.0144802920267245
169.821372	0.0183265755030534
170.036064	0.0319036103119863
170.250756	0.0484090087531231
170.465448	0.0884007773425318
170.68014	0.212490698645239
170.894832	0.185060629937483
171.109524	0.156318740632963
171.324216	0.135124761660667
171.538908	0.0599285080087629
171.7536	-0.0154971400335385
171.968292	-0.091139270011773
172.182984	-0.0741393385409146
172.397676	-0.101771713909299
172.612368	-0.127376825365167
172.82706	-0.150949535939755
173.041752	-0.134749833431291
173.256444	-0.106018641988473
173.471136	-0.0695093739471879
173.685828	-0.063545098080335
173.90052	-0.057767838895562
174.115212	-0.0633045655688332
174.329904	-0.0663329369651183
174.544596	-0.0854327052548029
174.759288	-0.102095229444905
174.97398	-0.124691741384947
175.188672	-0.147759366837256
175.403364	-0.180799110123189
175.618056	-0.254682934736439
175.832748	-0.329719334435592
176.04744	-0.341388328502849
176.262132	-0.314959945622852
176.476824	-0.295402529973061
176.691516	-0.315459342062116
176.906208	-0.316087540471055
177.1209	-0.263030896658706
177.335592	-0.179411807220936
177.550284	-0.138611015014066
177.764976	-0.118759621485911
177.979668	-0.100374590310783
178.19436	-0.0811048523823558
178.409052	-0.063412810317604
178.623744	-0.0523111190877019
178.838436	-0.0416870633120146
179.053128	-0.0333738644226665
179.26782	-0.0257812347665093
179.482512	-0.0279008200445526
179.697204	-0.0249453114576923
179.911896	-0.0205564828858301
180.126588	-0.0179578484034563
180.34128	-0.0171088428359463
180.555972	-0.0193390573432459
180.770664	-0.0216743724520718
180.985356	-0.0241157412531313
181.200048	-0.0292525539160647
181.41474	-0.0344264213121323
181.629432	-0.0402602975539545
181.844124	-0.0411882299738764
182.058816	-0.0395270122879653
182.273508	-0.0371492996428192
182.4882	-0.0325703590747508
182.702892	-0.0301854183992339
182.917584	-0.0308658140242325
183.132276	-0.0255027967070999
183.346968	-0.0201176763828389
183.56166	-0.0189624136857175
183.776352	-0.019954817834419
183.991044	-0.0201639792427377
184.205736	-0.0203920831960052
184.420428	-0.0388145730093161
184.63512	-0.0571688440469161
184.849812	-0.109743501637498
185.064504	-0.236579647597019
185.279196	-0.195516601661836
185.493888	-0.153261717712364
185.70858	-0.0886912262870467
185.923272	-0.0335739984753117
186.137964	0.0205012580787527
186.352656	0.0660824714609782
186.567348	0.12472208814318
186.78204	0.193408497579534
186.996732	0.25110007622497
187.211424	0.197065975227258
187.426116	0.109749692429782
187.640808	0.0842852252414029
187.8555	0.0569203813001627
188.070192	0.0485381845780426
188.284884	0.039329596117653
188.499576	0.0384227329010733
188.714268	0.0379274113339894
188.92896	0.0468997620709271
189.143652	0.05490426359973
189.358344	0.0685269875653342
189.573036	0.0798016909917028
189.787728	0.0959213689536981
190.00242	0.116328659741973
190.217112	0.130322003689372
190.431804	0.141569928230029
190.646496	0.170283791231669
190.861188	0.20745055474328
191.07588	0.26456911846558
191.290572	0.31551751473693
191.505264	0.30913504775289
191.719956	0.292934655283589
191.934648	0.339127989400562
192.14934	0.329525096042276
192.364032	0.294851099730251
192.578724	0.228429494243762
192.793416	0.176093337982853
193.008108	0.141129227528132
193.2228	0.107376906166652
193.437492	0.0852847151898514
193.652184	0.0623302889433486
193.866876	0.0574848073012469
194.081568	0.0493316731351132
194.29626	0.0408641586643699
194.510952	0.0325951149399827
194.725644	0.0302241257460112
194.940336	0.029819135280204
195.155028	0.0308781969553218
195.36972	0.0319697078752244
195.584412	0.0339692718269715
195.799104	0.0412725386536931
196.013796	0.0472535534103823
196.228488	0.0478286392872712
196.44318	0.0492714320075635
196.657872	0.0423495244519973
196.872564	0.0346976414456658
197.087256	0.031195605417089
197.301948	0.028650063230924
197.51664	0.0249417592125592
197.731332	0.0208314421567604
197.946024	0.019119493112732
198.160716	0.0175087196454344
198.375408	0.02463924620108
198.5901	0.0299219942342577
198.804792	0.0523542756401756
199.019484	0.00920948013413114
199.234176	0.126990575199842
199.448868	0.23825496387213
199.66356	0.189183130587263
199.878252	0.135579918998143
200.092944	0.0790290689511147
200.307636	0.0242436213142025
200.522328	-0.022668438706079
200.73702	-0.0641170933099214
200.951712	-0.114289867363202
201.166404	-0.191997659091569
201.381096	-0.249161657029706
201.595788	-0.184185559569189
201.81048	-0.109424373020359
202.025172	-0.0881574605928372
202.239864	-0.0671575629235803
202.454556	-0.0464266351956229
202.669248	-0.0274804192966138
202.88394	-0.028532582739589
203.098632	-0.0300963367299955
203.313324	-0.0356837449377947
203.528016	-0.0414175946849365
203.742708	-0.0491507620685269
203.9574	-0.0565848896130596
204.172092	-0.062077306118043
204.386784	-0.0666818455784436
204.601476	-0.0717445934461393
204.816168	-0.0743176992828257
205.03086	-0.0829158925510967
205.245552	-0.099588868558505
205.460244	-0.115648514815063
205.674936	-0.124406693953742
205.889628	-0.146903190809265
206.10432	-0.209237840313219
206.319012	-0.297581232644972
206.533704	-0.321187361209009
206.748396	-0.325909528791474
206.963088	-0.305467359966162
207.17778	-0.299551462036928
207.392472	-0.31333812852941
207.607164	-0.329805233427358
207.821856	-0.221736038559346
208.036548	-0.127008908276758
208.25124	-0.137353340872481
208.465932	-0.115012891042397
208.680624	-0.0967280835871203
208.895316	-0.0774063459808385
209.110008	-0.0662781550710108
209.3247	-0.0568575316281414
209.539392	-0.0486285448455361
209.754084	-0.0421869190198138
209.968776	-0.0461712617895806
210.183468	-0.0514830122948616
210.39816	-0.0548311014804495
210.612852	-0.0526576642556593
210.827544	-0.0503486263267654
211.042236	-0.047660859507638
211.256928	-0.04394359270042
211.47162	-0.0394140833809317
211.686312	-0.0400672164229575
211.901004	-0.0320679913511303
212.115696	-0.0231396662329271
212.330388	-0.0254888474247972
212.54508	-0.0279662757265582
212.759772	-0.0335545969720106
212.974464	-0.0428553270019609
213.189156	-0.0691737647378855
213.403848	-0.105606881894923
213.61854	-0.181901541555817
213.833232	-0.232341845674053
214.047924	-0.164138906784217
214.262616	-0.0948631201815973
214.477308	-0.0536147625430048
214.692	-0.0124718301867439
