"Distance [mm]"	"Flux_Lines []"
0	1.37635725909244E-06
0.214692	0.000146360548350886
0.429384	0.000294335595301934
0.644076	0.000450765051336183
0.858768	0.000617323447212287
1.07346	0.000804064352698056
1.288152	0.0010009057159239
1.502844	0.00119932690298234
1.717536	0.00139851741678581
1.932228	0.00159720269279495
2.14692	0.00179337873232678
2.361612	0.00198800656523397
2.576304	0.00217958182407645
2.790996	0.00236758632251021
3.005688	0.00255480060991298
3.22038	0.00274203947140435
3.435072	0.00292932629774882
3.649764	0.00311675375685786
3.864456	0.00330471386333157
4.079148	0.00349155434903933
4.29384	0.00367778904343826
4.508532	0.0038638996792433
4.723224	0.00404793613420211
4.937916	0.00423078660112203
5.152608	0.00441100876076463
5.3673	0.00458819927151606
5.581992	0.00476092500699652
5.796684	0.00492808326660055
6.011376	0.00508933250599516
6.226068	0.005241723067305
6.44076	0.00538582672135576
6.655452	0.00551426167797984
6.870144	0.00562406393617767
7.084836	0.00571625613828119
7.299528	0.00578159715538376
7.51422	0.00581216936695923
7.728912	0.00582494957829892
7.943604	0.00580256049813446
8.158296	0.00575172590510764
8.372988	0.00566489005378655
8.58768	0.00556117959085069
8.802372	0.00543564106966574
9.017064	0.00529844773488369
9.231756	0.0051499628613347
9.446448	0.00499013285175067
9.66114	0.00482377238625178
9.875832	0.0046536962392269
10.090524	0.00448000961929235
10.305216	0.00430269363111945
10.519908	0.00412357553308258
10.7346	0.00394341885046717
10.949292	0.00376224342431876
11.163984	0.00357961829405384
11.378676	0.00339481517127989
11.593368	0.00320918595522792
11.80806	0.00302287521655966
12.022752	0.00283281596124362
12.237444	0.00263846904747567
12.452136	0.00244322400262835
12.666828	0.00224629569821166
12.88152	0.00204809532341937
13.096212	0.00185193305561472
13.310904	0.00165871212424637
13.525596	0.00147872743855414
13.740288	0.00131724473021058
13.95498	0.00116186241049235
14.169672	0.00101534812214803
14.384364	0.000872871399581536
14.599056	0.00072966983821583
14.813748	0.00057732144304554
15.02844	0.000417615826015955
15.243132	0.000245757686566857
15.457824	6.00632162177251E-05
15.672516	-0.000139367715166903
15.887208	-0.00034185062802162
16.1019	-0.000540219278438257
16.316592	-0.000739065462668716
16.531284	-0.000935118618966175
16.745976	-0.00112790671051416
16.960668	-0.00131998793806975
17.17536	-0.00151166719149117
17.390052	-0.00170120904132947
17.604744	-0.00189090588995287
17.819436	-0.00208058321016295
18.034128	-0.00227064112490546
18.24882	-0.00246109925887358
18.463512	-0.00265197854648256
18.678204	-0.00284345870380641
18.892896	-0.00303552469308084
19.107588	-0.00322747173629109
19.32228	-0.00341817776974476
19.536972	-0.00360763397934406
19.751664	-0.00379524115726151
19.966356	-0.00398095348161896
20.181048	-0.0041635156172473
20.39574	-0.00434278287917771
20.610432	-0.00451912110929431
20.825124	-0.00469258464242148
21.039816	-0.00486064579507694
21.254508	-0.00502211248133714
21.4692	-0.00517746641327716
21.683892	-0.00532738616874983
21.898584	-0.00546239629201036
22.113276	-0.00557932472225931
22.327968	-0.00567992907254794
22.54266	-0.00576213990367421
22.757352	-0.00580702553841692
22.972044	-0.00582443189465058
23.186736	-0.00580493646525917
23.401428	-0.00577568655869552
23.61612	-0.00570040120859404
23.830812	-0.00560501555043128
24.045504	-0.00549066961197617
24.260196	-0.00535731630047922
24.474888	-0.00521030683051847
24.68958	-0.00505639379404152
24.904272	-0.00489535240612406
25.118964	-0.00472911161598914
25.333656	-0.00455832077084311
25.548348	-0.00438458928315474
25.76304	-0.00420811446958603
25.977732	-0.0040289435763817
26.192424	-0.00384737092429136
26.407116	-0.00366152414820364
26.621808	-0.00347056841559601
26.8365	-0.00327724134863253
27.051192	-0.00308090527578602
27.265884	-0.00288346801303961
27.480576	-0.00268884737857858
27.695268	-0.00249997736461555
27.90996	-0.00232369542637652
28.124652	-0.00216414060452973
28.339344	-0.0020145603183738
28.554036	-0.00187011591313465
28.768728	-0.00172672503343846
28.98342	-0.00158226943729272
29.198112	-0.00142872678575702
29.412804	-0.00126580787746446
29.627496	-0.00109410483696864
29.842188	-0.000893520812466163
30.05688	-0.000695663418037562
30.271572	-0.000503442581665084
30.486264	-0.000302646315376603
30.700956	-0.000101763491078347
30.915648	9.4591254931463E-05
31.13034	0.000288285553528798
31.345032	0.000480698319067725
31.559724	0.000670854780611727
31.774416	0.000860355114819048
31.989108	0.00105158988486113
32.2038	0.00124265592918324
32.418492	0.00143492802030367
32.633184	0.00162771463054398
32.847876	0.00182150132652504
33.062568	0.00201582166501736
33.27726	0.0022094427480049
33.491952	0.00240342204812802
33.706644	0.00259787770460551
33.921336	0.00279229988971499
34.136028	0.00298525190696716
34.35072	0.00317669713347173
34.565412	0.00336664481304503
34.780104	0.00355535245155882
34.994796	0.00374211604233249
35.209488	0.00392632423652242
35.42418	0.00410871041650846
35.638872	0.00428883905041788
35.853564	0.00446662721911884
36.068256	0.0046427618106708
36.282948	0.00481266570501717
36.49764	0.00497555753169534
36.712332	0.00513215381770555
36.927024	0.00528315162647333
37.141716	0.0054240642817876
37.356408	0.00554978375363369
37.5711	0.00565468635105193
37.785792	0.00575353691141655
38.000484	0.00581119957089566
38.215176	0.00584062181791903
38.429868	0.00584246490218689
38.64456	0.00581979092144507
38.859252	0.00576094030399607
39.073944	0.00567620937947021
39.288636	0.00556270234137817
39.503328	0.00543672575528964
39.71802	0.00529744242575031
39.932712	0.0051470281996827
40.147404	0.00498881562377722
40.362096	0.00482305057574436
40.576788	0.00465104029914282
40.79148	0.00447288479764439
41.006172	0.00428706760224032
41.220864	0.00409907094227963
41.435556	0.00390809221267097
41.650248	0.00371467467480509
41.86494	0.00352171526771601
42.079632	0.00333917036720409
42.294324	0.00316933806736214
42.509016	0.00301211148610977
42.723708	0.00286685441867235
42.9384	0.00272567857917797
43.153092	0.0025808790505901
43.367784	0.00243213662526996
43.582476	0.00227913273806949
43.797168	0.00211203681030879
44.01186	0.00193240484395096
44.226552	0.00174182073750427
44.441244	0.00154048287414268
44.655936	0.00133921447677392
44.870628	0.001142049848706
45.08532	0.000945914502208861
45.300012	0.000750853194061555
45.514704	0.000557245775408067
45.729396	0.000364678091992616
45.944088	0.000172515228684094
46.15878	-1.92761208567848E-05
46.373472	-0.000210868826418691
46.588164	-0.000402663319684246
46.802856	-0.000594305607338869
47.017548	-0.00078688998329341
47.23224	-0.000981275260539354
47.446932	-0.00117598113300197
47.661624	-0.0013720845854421
47.876316	-0.00156833816417878
48.091008	-0.00176466094767372
48.3057	-0.00196076698753012
48.520392	-0.00215595177433259
48.735084	-0.00235085554247748
48.949776	-0.00254374777290331
49.164468	-0.00273501765395444
49.37916	-0.00292645593821361
49.593852	-0.00311690486898708
49.808544	-0.00330658466053772
50.023236	-0.00349570218279228
50.237928	-0.00368292149004451
50.45262	-0.00386855920223958
50.667312	-0.00405158178244683
50.882004	-0.00423142231441126
51.096696	-0.0044088548450126
51.311388	-0.0045840368294698
51.52608	-0.00475516687314207
51.740772	-0.0049217972755642
51.955464	-0.00508201842929466
52.170156	-0.00523756904104092
52.384848	-0.00538340981935659
52.59954	-0.00551316369474829
52.814232	-0.00562804680423404
53.028924	-0.00573131033400833
53.243616	-0.00580351172158686
53.458308	-0.00584828415387395
53.673	-0.00585465280478957
53.887692	-0.00584259547269685
54.102384	-0.00579932066854504
54.317076	-0.00572500621569484
54.531768	-0.00562623541254509
54.74646	-0.00550537330920478
54.961152	-0.0053669835502539
55.175844	-0.00521599352149355
55.390536	-0.00505070132430187
55.605228	-0.00487917695583413
55.81992	-0.00470872164275506
56.034612	-0.00452323280192638
56.249304	-0.00433702881360592
56.463996	-0.0041681390655727
56.678688	-0.00400856559380572
56.89338	-0.00386023229986649
57.108072	-0.00372208705618128
57.322764	-0.0035835257130905
57.537456	-0.00344357722214758
57.752148	-0.00329915935809706
57.96684	-0.00314202635756983
58.181532	-0.00297169527495489
58.396224	-0.00279153978605562
58.610916	-0.00258856021652852
58.825608	-0.0023934273572869
59.0403	-0.00220175424705024
59.254992	-0.00200387720127231
59.469684	-0.00180618980287576
59.684376	-0.00161167594906589
59.899068	-0.00141899526576726
60.11376	-0.00122698165656342
60.328452	-0.00103645688040169
60.543144	-0.000845548416842784
60.757836	-0.00065331773600521
60.972528	-0.000460811575675111
61.18722	-0.00026729785597114
61.401912	-7.30741601243916E-05
61.616604	0.000122142406103634
61.831296	0.000318105467904384
62.045988	0.000513662602934733
62.26068	0.000709881977070411
62.475372	0.000906678598587363
62.690064	0.00110362337564603
62.904756	0.00129979825429883
63.119448	0.00149520928426673
63.33414	0.00168986538747368
63.548832	0.00188463157338542
63.763524	0.00207831871497956
63.978216	0.00227081175229295
64.192908	0.00246326077994947
64.4076	0.00265534256911439
64.622292	0.00284651275746513
64.836984	0.00303688213134228
65.051676	0.00322647043086706
65.266368	0.00341525435876843
65.48106	0.00360220250510468
65.695752	0.00378706525661226
65.910444	0.00397042282365321
66.125136	0.00415201984762905
66.339828	0.00433049622756879
66.55452	0.00450582658481307
66.769212	0.00467804697132034
66.983904	0.00484719439805743
67.198596	0.00501018722061106
67.413288	0.00516575170140813
67.62798	0.00531302056995828
67.842672	0.00545094886322257
68.057364	0.00557146046192063
68.272056	0.00568252362078901
68.486748	0.00576768201342905
68.70144	0.00582297109542359
68.916132	0.00584545292659965
69.130824	0.00583940389806585
69.345516	0.00580696591933214
69.560208	0.00574357856411551
69.7749	0.00563966557028901
69.989592	0.005520390852241
70.204284	0.00539527593883393
70.418976	0.00524184504258753
70.633668	0.00508493814739631
70.84836	0.00494172298261298
71.063052	0.00480255707623286
71.277744	0.00466803522797063
71.492436	0.00453696123038641
71.707128	0.00440361971910728
71.92182	0.00426823675571425
72.136512	0.00412472093482016
72.351204	0.00397149959913499
72.565896	0.00379925052090515
72.780588	0.00361673071633785
72.99528	0.00342500559329397
73.209972	0.0032305066611353
73.424664	0.00303555199176842
73.639356	0.00284107460890344
73.854048	0.00264677581222556
74.06874	0.00245460331741907
74.283432	0.00226412515207793
74.498124	0.00207303086561211
74.712816	0.00188155236542688
74.927508	0.00168970448286858
75.1422	0.00149705087402104
75.356892	0.00130398810829116
75.571584	0.00111124201825671
75.786276	0.00091751695203564
76.000968	0.000723085361281694
76.21566	0.000528107129697458
76.430352	0.00033167930239247
76.645044	0.000134369254379322
76.859736	-6.23464668136705E-05
77.074428	-0.000258474099503597
77.28912	-0.000454019967040858
77.503812	-0.000649591916450277
77.718504	-0.000844417378840442
77.933196	-0.0010386610862821
78.147888	-0.00123365244502984
78.36258	-0.00142872423572562
78.577272	-0.00162311000011135
78.791964	-0.0018169556354308
79.006656	-0.00201027863182484
79.221348	-0.00220320498006566
79.43604	-0.00239525693739248
79.650732	-0.00258610054049901
79.865424	-0.00277690586847824
80.080116	-0.00296798283240759
80.294808	-0.0031578125552285
80.5095	-0.00334616518738467
80.724192	-0.00353306273014687
80.938884	-0.00371853545642902
81.153576	-0.00390237044310339
81.368268	-0.0040841417372961
81.58296	-0.00426247689121283
81.797652	-0.00443970536870764
82.012344	-0.00461277933569327
82.227036	-0.00478295713277227
82.441728	-0.0049474406603117
82.65642	-0.00510616043619948
82.871112	-0.00525803006116644
83.085804	-0.00539853096083795
83.300496	-0.00552849996462147
83.515188	-0.00564000861090252
83.72988	-0.00573009656369088
83.944572	-0.00579785511698479
84.159264	-0.00582358361955825
84.373956	-0.00583010069357439
84.588648	-0.0058169502931129
84.80334	-0.00576322266686643
85.018032	-0.00568084636668927
85.232724	-0.00559133518219857
85.447416	-0.00549396701313147
85.662108	-0.00538960601714697
85.8768	-0.00527861082038976
86.091492	-0.00516068527285495
86.306184	-0.0050355567465114
86.520876	-0.00490064425247372
86.735568	-0.00475109668549204
86.95026	-0.00458681103541687
87.164952	-0.0044076920786425
87.379644	-0.00422229279909921
87.594336	-0.00403574124263383
87.809028	-0.00384754259137238
88.02372	-0.00365774167575066
88.238412	-0.00346739365773467
88.453104	-0.00327761142564544
88.667796	-0.00308772940552254
88.882488	-0.00289797120357092
89.09718	-0.0027087316518628
89.311872	-0.00251809825981823
89.526564	-0.00232612304482552
89.741256	-0.00213390861432048
89.955948	-0.00194035716687746
90.17064	-0.00174666919525031
90.385332	-0.00155286387430587
90.600024	-0.00135838867041707
90.814716	-0.00116472191310795
91.029408	-0.000970614942353524
91.2441	-0.000775246701693052
91.458792	-0.000580651987798505
91.673484	-0.000385106950431886
91.888176	-0.000189361309170831
92.102868	4.98836672560595E-06
92.31756	0.000199684437625117
92.532252	0.000393750225984229
92.746944	0.000587183539791078
92.961636	0.000781656398187269
93.176328	0.00097607683216956
93.39102	0.00117033221419772
93.605712	0.00136501967739802
93.820404	0.0015584834532738
94.035096	0.00175123264183777
94.249788	0.00194381924325993
94.46448	0.00213520772011688
94.679172	0.00232684070746879
94.893864	0.00251884866633015
95.108556	0.00270967836210635
95.323248	0.00290069659259109
95.53794	0.00309048771787155
95.752632	0.00327823612365317
95.967324	0.00346556421036714
96.182016	0.00365070376146889
96.396708	0.00383415430639128
96.6114	0.00401711560693231
96.826092	0.00419701153449056
97.040784	0.00437531993006791
97.255476	0.00455075765450678
97.470168	0.00472140062209107
97.68486	0.00488694589361103
97.899552	0.00504742945688526
98.114244	0.00520092642331567
98.328936	0.0053463975168299
98.543628	0.00547827094991769
98.75832	0.00559995821383027
98.973012	0.00570454566820243
99.187704	0.00578564907999919
99.402396	0.00583208799839968
99.617088	0.00585324273978453
99.83178	0.00585340696876867
100.046472	0.00583288624584272
100.261164	0.00578466787283774
100.475856	0.00570989369056075
100.690548	0.00562307303257272
100.90524	0.00551397873587926
101.119932	0.00539070719351499
101.334624	0.00524431436178603
101.549316	0.00508911524763878
101.764008	0.00492590220589761
101.9787	0.00475488942331079
102.193392	0.0045784244417185
102.408084	0.00440081417130311
102.622776	0.00422089043324292
102.837468	0.00403971344309654
103.05216	0.00385722350245762
103.266852	0.0036725145511826
103.481544	0.00348603181773777
103.696236	0.00329858442660475
103.910928	0.00311010725220016
104.12562	0.00292057888387479
104.340312	0.00272995018579788
104.555004	0.00253898166492285
104.769696	0.00234818114369082
104.984388	0.00215649030870044
105.19908	0.001963724544139
105.413772	0.00177073078912925
105.628464	0.00157755939704175
105.843156	0.00138419302327259
106.057848	0.00119061437773514
106.27254	0.000996752402675739
106.487232	0.000803608162748215
106.701924	0.000610388435421319
106.916616	0.000416343365222815
107.131308	0.000222076051630366
107.346	2.7954946024374E-05
107.560692	-0.000166106392283219
107.775384	-0.000360125323124172
107.990076	-0.000554225919143666
108.204768	-0.000747669289450646
108.41946	-0.000940328438548179
108.634152	-0.00113358183538066
108.848844	-0.00132741003544806
109.063536	-0.00152086753211262
109.278228	-0.00171404173481848
109.49292	-0.00190695028696841
109.707612	-0.00209963823819094
109.922304	-0.00229182600646941
110.136996	-0.00248300915756889
110.351688	-0.0026734325592378
110.56638	-0.00286416937870405
110.781072	-0.00305401870084917
110.995764	-0.00324288654414694
111.210456	-0.0034307934065571
111.425148	-0.00361776005088692
111.63984	-0.00380343772379207
111.854532	-0.00398744628311738
112.069224	-0.00416910908368286
112.283916	-0.00434922845362545
112.498608	-0.00452707449509396
112.7133	-0.00470345758536006
112.927992	-0.00487704486342246
113.142684	-0.00504222174253852
113.357376	-0.00519922376173009
113.572068	-0.00534904062834694
113.78676	-0.00547891505320787
114.001452	-0.00559208168080675
114.216144	-0.00568594619146608
114.430836	-0.00576273438368982
114.645528	-0.00582165920504321
114.86022	-0.00584802895485375
115.074912	-0.00585380292975809
115.289604	-0.00583873404415614
115.504296	-0.00580263806510661
115.718988	-0.00572727058391294
115.93368	-0.00563070840256635
116.148372	-0.00551141915801265
116.363064	-0.00538228346290019
116.577756	-0.005238797254529
116.792448	-0.00508815543106866
117.00714	-0.00493021018161172
117.221832	-0.00476533861051986
117.436524	-0.00459547937268642
117.651216	-0.00442199370786252
117.865908	-0.00424441225895082
118.0806	-0.00406477906495032
118.295292	-0.00388340794835536
118.509984	-0.00369961646269867
118.724676	-0.00351367999884299
118.939368	-0.00332676873593944
119.15406	-0.00313947534841124
119.368752	-0.00295089511844834
119.583444	-0.00276039529902725
119.798136	-0.0025693176551599
120.012828	-0.00237839095429399
120.22752	-0.00218582447733852
120.442212	-0.00199416640170925
120.656904	-0.00180218476710815
120.871596	-0.00160889097074785
121.086288	-0.00141481681482021
121.30098	-0.00122134286344686
121.515672	-0.00102772619117826
121.730364	-0.00083381664411608
121.945056	-0.000639686249438109
122.159748	-0.000445322570582715
122.37444	-0.000250999432965854
122.589132	-5.59575625227108E-05
122.803824	0.000138889837657812
123.018516	0.000333676910255377
123.233208	0.000529599585197215
123.4479	0.000724798082899698
123.662592	0.000919637375591325
123.877284	0.00111483251780622
124.091976	0.00130896941792075
124.306668	0.00150308424948931
124.52136	0.00169806830991467
124.736052	0.00189241843060193
124.950744	0.00208396247576082
125.165436	0.00227553660583032
125.380128	0.0024656406005915
125.59482	0.00265702894353025
125.809512	0.0028468857800545
126.024204	0.00303613688267875
126.238896	0.00322602894099075
126.453588	0.00341478632799017
126.66828	0.00360449561042102
126.882972	0.00379442523682323
127.097664	0.00398247651656259
127.312356	0.0041703461923136
127.527048	0.00435383228197837
127.74174	0.00453561075075791
127.956432	0.00470364058117757
128.171124	0.0048570271448395
128.385816	0.00499586355803765
128.600508	0.00512288492973708
128.8152	0.00524267408601014
129.029892	0.00535547636883322
129.244584	0.0054615875154714
129.459276	0.0055611520891596
129.673968	0.00565258617491296
129.88866	0.00573729824221866
130.103352	0.0058024170785416
130.318044	0.00582980928730482
130.532736	0.00582263255284188
130.747428	0.00580596240095795
130.96212	0.00574697087320048
131.176812	0.0056621636630926
131.391504	0.00555782097313242
131.606196	0.00543379083046762
131.820888	0.00529465685008789
132.03558	0.00514665647514587
132.250272	0.00498955588776877
132.464964	0.00482656489473473
132.679656	0.00465739833218071
132.894348	0.00448451392631281
133.10904	0.00430885771520641
133.323732	0.00413030120829584
133.538424	0.00395013699168836
133.753116	0.00376696123099064
133.967808	0.00358172091397615
134.1825	0.00339500760375146
134.397192	0.00320707699766384
134.611884	0.0030179070031706
134.826576	0.00282747585630813
135.041268	0.00263613930606245
135.25596	0.00244518625516479
135.470652	0.00225374672941999
135.685344	0.00206101616852537
135.900036	0.00186768871739936
136.114728	0.00167397116955093
136.32942	0.00147978912148214
136.544112	0.00128512489580161
136.758804	0.00108985177872609
136.973496	0.000895047460147422
137.188188	0.00070064122089933
137.40288	0.000505316196877099
137.617572	0.000309609390551756
137.832264	0.000113809509972455
138.046956	-8.26369392811871E-05
138.261648	-0.000279734609942151
138.47634	-0.000477211202277475
138.691032	-0.000673134004400208
138.905724	-0.000867595838264127
139.120416	-0.00106109285208998
139.335108	-0.00125409885754289
139.5498	-0.00144638733361384
139.764492	-0.00163925306672801
139.979184	-0.00183143312004119
140.193876	-0.00202321210927323
140.408568	-0.00221463332781376
140.62326	-0.0024056118341651
140.837952	-0.00259615576416541
141.052644	-0.00278923159506523
141.267336	-0.00298355518934921
141.482028	-0.00317792624662088
141.69672	-0.0033731120452156
141.911412	-0.00356517187729397
142.126104	-0.00374962266173804
142.340796	-0.00392632294571613
142.555488	-0.00408368931182572
142.77018	-0.0042299062380406
142.984872	-0.00436692196931457
143.199564	-0.00450065358879793
143.414256	-0.00463203620497171
143.628948	-0.0047652295029812
143.84364	-0.00490289080047826
144.058332	-0.00504471615260522
144.273024	-0.0051930575306502
144.487716	-0.00535754291726975
144.702408	-0.00549040997141281
144.9171	-0.00560707790401706
145.131792	-0.00572045670828808
145.346484	-0.00579380184922246
145.561176	-0.00583517724659149
145.775868	-0.00584775110241399
145.99056	-0.00583475192862552
146.205252	-0.00578704344179947
146.419944	-0.00571082860515283
146.634636	-0.0056061167660441
146.849328	-0.00548593532629565
147.06402	-0.00535370636354724
147.278712	-0.00520851554868402
147.493404	-0.0050544786153755
147.708096	-0.00489380732803495
147.922788	-0.00472794318981455
148.13748	-0.00455700449782525
148.352172	-0.00438101120444356
148.566864	-0.00420222615392162
148.781556	-0.00402188157260364
148.996248	-0.00383848184165964
149.21094	-0.0036545059950301
149.425632	-0.00346877851209902
149.640324	-0.00328082787049534
149.855016	-0.00309233982908258
150.069708	-0.00290166587358902
150.2844	-0.00270967105184164
150.499092	-0.00251792480211474
150.713784	-0.00232499572610742
150.928476	-0.00213229823613574
151.143168	-0.00193971211668894
151.35786	-0.00174570649407457
151.572552	-0.00155136041154586
151.787244	-0.00135603902611624
152.001936	-0.00115913313578023
152.216628	-0.000962646860991329
152.43132	-0.000766194098302571
152.646012	-0.000569400481253896
152.860704	-0.000373385871104518
153.075396	-0.000177775782126698
153.290088	1.81083719433107E-05
153.50478	0.00021253191943173
153.719472	0.000405259657884067
153.934164	0.00059791917678507
154.148856	0.000789606999862247
154.363548	0.000981548778437335
154.57824	0.00117316881401375
154.792932	0.00136506038249112
155.007624	0.00155810900225025
155.222316	0.00175121803277142
155.437008	0.0019470347091773
155.6517	0.0021454264132674
155.866392	0.00234216657482897
156.081084	0.00253166384816658
156.295776	0.00273651987292752
156.510468	0.00292066858047535
156.72516	0.00309437205565916
156.939852	0.00325542176557492
157.154544	0.00340342636157991
157.369236	0.00354335917095083
157.583928	0.00368245987375564
157.79862	0.00381961064532519
158.013312	0.00396473406340362
158.228004	0.00412097800012498
158.442696	0.00428715733304596
158.657388	0.0044649236139237
158.87208	0.0046589909596507
159.086772	0.00482998925933123
159.301464	0.00500213472571079
159.516156	0.00517038400696545
159.730848	0.00532698377692717
159.94554	0.00546637536597015
160.160232	0.00558957094970172
160.374924	0.00570023071541218
160.589616	0.00578311225923014
160.804308	0.00583660100920892
161.019	0.00585333963752642
161.233692	0.00584802950851562
161.448384	0.0058157907655884
161.663076	0.00575016734017021
161.877768	0.00566062516145408
162.09246	0.005548932613552
162.307152	0.00541880358416392
162.521844	0.00527791863090953
162.736536	0.00512514905368596
162.951228	0.00496568990854755
163.16592	0.00480102385539987
163.380612	0.00463047138397904
163.595304	0.00445676098918709
163.809996	0.0042798526895409
164.024688	0.00410023623373833
164.23938	0.00391755056806485
164.454072	0.00373314166230676
164.668764	0.00354712368042331
164.883456	0.00335949670867268
165.098148	0.00317023759258682
165.31284	0.00297932728322099
165.527532	0.00278723320183858
165.742224	0.00259539155988424
165.956916	0.00240365389990642
166.171608	0.00220985724787636
166.3863	0.00201440306831666
166.600992	0.0018184929441619
166.815684	0.00162165927763184
167.030376	0.00142492046698923
167.245068	0.00122856952387878
167.45976	0.00103327266971209
167.674452	0.000839362583601239
167.889144	0.000646339239649459
168.103836	0.000454266978438438
168.318528	0.000262606558500294
168.53322	7.02663796219678E-05
168.747912	-0.000121667438375621
168.962604	-0.000313779132080751
169.177296	-0.000506352777727954
169.391988	-0.000699013725715813
169.60668	-0.000892292045768051
169.821372	-0.00108861544644615
170.036064	-0.00128779618140562
170.250756	-0.00148671414395628
170.465448	-0.00167768302168847
170.68014	-0.00188470277233162
170.894832	-0.00206577019696428
171.109524	-0.00223638226175068
171.324216	-0.00239089834376908
171.538908	-0.00254032074833558
171.7536	-0.00268588814044416
171.968292	-0.00282791717448843
172.182984	-0.00297050751051834
172.397676	-0.00312411829771015
172.612368	-0.00329031623569185
172.82706	-0.00346921803682017
173.041752	-0.00366081581317121
173.256444	-0.0038550901460274
173.471136	-0.00404764615702809
173.685828	-0.00423515712649007
173.90052	-0.00442210850788962
174.115212	-0.0046034684507118
174.329904	-0.0047768826972203
174.544596	-0.00494462076648447
174.759288	-0.00510528184780724
174.97398	-0.00525784163858917
175.188672	-0.00540136718102152
175.403364	-0.00552914080003393
175.618056	-0.00564602481192449
175.832748	-0.00574158775351994
176.04744	-0.0058060972709988
176.262132	-0.00583973723680422
176.476824	-0.00584364999495086
176.691516	-0.00582239667114382
176.906208	-0.00577123230532882
177.1209	-0.00568737808103108
177.335592	-0.00557794390871391
177.550284	-0.0054604739162368
177.764976	-0.00532391836851334
177.979668	-0.00517571928823982
178.19436	-0.00501974420393762
178.409052	-0.00485846771604394
178.623744	-0.00469120142567418
178.838436	-0.00451746897642793
179.053128	-0.0043392328470565
179.26782	-0.00415988620055311
179.482512	-0.00397741651570071
179.697204	-0.00379361223105087
179.911896	-0.00360785588568639
180.126588	-0.00341962736203298
180.34128	-0.00322969186050849
180.555972	-0.0030385970207644
180.770664	-0.00284620055007975
180.985356	-0.00265249671474578
181.200048	-0.0024577057411514
181.41474	-0.00226313420803128
181.629432	-0.00206930740243131
181.844124	-0.001875895859358
182.058816	-0.00168209693079837
182.273508	-0.00148948132501069
182.4882	-0.00129782067965671
182.702892	-0.00110630254426582
182.917584	-0.000915839386853814
183.132276	-0.000725031584199961
183.346968	-0.000534849790923378
183.56166	-0.000343169462102739
183.776352	-0.000149934229291923
183.991044	4.44705120828124E-05
184.205736	0.000242407162083753
184.420428	0.000444203461339757
184.63512	0.000643493250346281
184.849812	0.000833737115136425
185.064504	0.0010405414466965
185.279196	0.00121510068126589
185.493888	0.00138088479969194
185.70858	0.00153718721140136
185.923272	0.00168424768305405
186.137964	0.00182696943387209
186.352656	0.00197121892682276
186.567348	0.00211838355541491
186.78204	0.00227504687500103
186.996732	0.00244487779565792
187.211424	0.00263197479631643
187.426116	0.00282588402767836
187.640808	0.00302385791497752
187.8555	0.00322105204242474
188.070192	0.00341489144023344
188.284884	0.00360662956140927
188.499576	0.00379493438648982
188.714268	0.0039778072696687
188.92896	0.00415762854360521
189.143652	0.00433489840039442
189.358344	0.00450912937653132
189.573036	0.00468023083903955
189.787728	0.00484728952900844
190.00242	0.00500965047640041
190.217112	0.00516646957592403
190.431804	0.0053142916912336
190.646496	0.00545310030718851
190.861188	0.00557449656877374
191.07588	0.00567496928915859
191.290572	0.00575279168135663
191.505264	0.00580032078619961
191.719956	0.00581586092057794
191.934648	0.00581334587602776
192.14934	0.00577319788740938
192.364032	0.00570510706281081
192.578724	0.0056047179634532
192.793416	0.00549183713344497
193.008108	0.00536354220021386
193.2228	0.00521849347199046
193.437492	0.0050632281936135
193.652184	0.00490309283401147
193.866876	0.00473641029461514
194.081568	0.00456462943616085
194.29626	0.00438856862530744
194.510952	0.00421004636395374
194.725644	0.00402884175183892
194.940336	0.0038442443356147
195.155028	0.00365673267529135
195.36972	0.00346735741318267
195.584412	0.0032764812612046
195.799104	0.00308442896824006
196.013796	0.00289148765136787
196.228488	0.0026997763658285
196.44318	0.00250909890751161
196.657872	0.00232011328246118
196.872564	0.00213280591206913
197.087256	0.00194441566203364
197.301948	0.00175481642448567
197.51664	0.00156436341349283
197.731332	0.00137359449817232
197.946024	0.00118162626477487
198.160716	0.000988475984249684
198.375408	0.0007936674433562
198.5901	0.000596650907196165
198.804792	0.000395353873357503
199.019484	0.000195805333939176
199.234176	5.98640887713342E-06
199.448868	-0.000198489351817445
199.66356	-0.000368899776772463
199.878252	-0.000531000997071606
200.092944	-0.000684725840408523
200.307636	-0.000830122599584861
200.522328	-0.000971274132506668
200.73702	-0.00111641356596592
200.951712	-0.00126879656328864
201.166404	-0.00142833461340493
201.381096	-0.00160018767101457
201.595788	-0.00179231513771042
201.81048	-0.00198899605143503
202.025172	-0.00218757063837315
202.239864	-0.00238475476490236
202.454556	-0.00258047902801296
202.669248	-0.00277466025919662
202.88394	-0.00296618442661346
203.098632	-0.00315474929568492
203.313324	-0.00334103563179846
203.528016	-0.00352517595391276
203.742708	-0.00370736717465664
203.9574	-0.00388832229222993
204.172092	-0.00406813776098803
204.386784	-0.0042463976481155
204.601476	-0.00442305560842483
204.816168	-0.00459845174625591
205.03086	-0.00477092219193051
205.245552	-0.00493799785477004
205.460244	-0.00509920429534419
205.674936	-0.0052516595462315
205.889628	-0.00539274136305366
206.10432	-0.00552080525592348
206.319012	-0.00563630928802435
206.533704	-0.00572522778907292
206.748396	-0.0057890615976949
206.963088	-0.00581635217001137
207.17778	-0.00581799769143311
207.392472	-0.00579236632119332
207.607164	-0.00573893614668435
207.821856	-0.00564398301777245
208.036548	-0.00554097614648619
208.25124	-0.00541671781275145
208.465932	-0.00527608524203977
208.680624	-0.00512499557326881
208.895316	-0.0049680660305602
209.110008	-0.00480445838934091
209.3247	-0.00463347914880278
209.539392	-0.00445558597196053
209.754084	-0.00427586891106266
209.968776	-0.00409439771448818
210.183468	-0.00391010151169302
210.39816	-0.0037241978110529
210.612852	-0.00353815078715802
210.827544	-0.00335115249945738
211.042236	-0.00316407706683455
211.256928	-0.00297690877086348
211.47162	-0.00278937593104188
211.686312	-0.00260206998858012
211.901004	-0.00241392859510467
212.115696	-0.00222597688911329
212.330388	-0.00203476393591692
212.54508	-0.00184241673182443
212.759772	-0.00164789421510969
212.974464	-0.00144914610726255
213.189156	-0.00124944275237916
213.403848	-0.00105193677539465
213.61854	-0.000855357431469678
213.833232	-0.000661909404779392
214.047924	-0.000492662918589575
214.262616	-0.00033356680683654
214.477308	-0.000184008455792207
214.692	-3.84952542814839E-05
