"$alfa_R [deg]"	"Torque1.Torque [mNewtonMeter]"
0	0.253523365189999
1	-61.3320911094073
2	-92.4087443538273
3	-68.8518411716
4	-71.0058607296962
5	78.7152428208455
6	70.1100172275455
7	65.333967931862
8	5.86076907262833
9	15.6099450290057
10	-95.1282301335584
11	-72.1368190133557
12	-56.2500326278524
13	29.3127388565935
14	31.7116733410184
15	79.7292919600898
16	9.84929396552992
17	-40.3039278937797
18	-38.8061661460306
19	-88.2317304328446
20	-69.9194440984935
21	-84.2078234446188
22	82.5536971094024
23	74.008683124701
24	81.0066760428136
25	18.1851385769147
26	30.55287824649
27	-35.8922340813469
28	-68.4483420777846
29	-48.3473215760076
30	0.186774869771754
31	63.0213541530829
32	69.4918507787611
33	29.8265082370998
34	-35.4423072339792
35	-18.5400048857884
36	-91.0019895420165
37	-80.9094861284622
38	-87.9999179393857
39	76.9239552116961
40	62.6733934923553
41	90.9692027472578
42	55.2184555946358
43	49.0081539097365
44	-18.6461675952738
45	-79.8007912032496
46	-32.3240244163162
47	-45.4444414978145
48	62.1373286217668
49	53.9630867419259
50	52.0704539050976
51	-4.95849105737038
52	-12.2777287801872
53	-71.7109421586364
54	-63.2360659902958
55	-87.7524481101858
56	67.4861276659712
57	64.4468507257856
58	96.4656533463101
59	66.0120127691904
60	-0.0420097083599933
61	-63.1703901755896
62	-90.6718399814277
63	-66.4347401488101
64	-45.3603501685063
65	74.1403965670106
66	72.6969937783675
67	66.4554397777674
68	32.2124031291231
69	16.1760396709675
70	-41.1978814166663
71	-76.4615952316704
72	-67.3111525629379
73	42.8536336301515
74	42.0887429197931
75	76.4356261872787
76	22.2403992998308
77	-44.5822104671892
78	-49.9694897141299
79	-74.9229586190669
80	-76.4365929015312
81	-71.3645612085875
82	62.6803735546409
83	66.2546310708218
84	76.900511743502
85	19.2028631537094
86	35.4714427973571
87	-17.5458438080666
88	-66.0555947703341
89	-67.4632146086354
90	-1.6497302701902
91	56.5921746670974
92	77.1214134337952
93	31.0982310841174
94	-17.6965962289306
95	-22.8366673881754
96	-84.9014937851977
97	-68.4029056995416
98	-82.5626687465989
99	82.3054248934811
100	80.2967869967035
101	88.6872880770777
102	50.7302605381661
103	43.9306729404941
104	-35.8328513047031
105	-69.2804647237013
106	-43.434518990597
107	-15.7195003658669
108	52.6012265062488
109	48.4001991903505
110	94.400303376727
111	-15.6521008778369
112	-23.854859197616
113	-64.8062790639445
114	-70.1829378609127
115	-68.4658655328834
116	51.1317501025371
117	74.1327426898039
118	101.424299691478
119	43.8981622531251
120	-0.339298739077305
121	-63.6383499571185
122	-92.7869221570257
123	-67.5663152130121
124	-40.2421535979024
125	70.8408276590234
126	63.6152182207153
127	63.7371561190721
128	27.0456157945603
129	11.9797673280288
130	-116.889731538081
131	-51.4758257515879
132	-53.5536149390115
133	16.0242938611716
134	47.3852858035803
135	97.5659713000339
136	24.0375557496242
137	18.7951301161598
138	-56.6613714843735
139	-84.8277559682451
140	-61.9966906129449
141	-66.2918211435541
142	93.7285705344047
143	77.0464953273985
144	82.3601161179124
145	21.8393259163205
146	34.5506343353822
147	-14.4253983321082
148	-74.4988163958028
149	-58.1064151501215
150	-1.60045908693137
151	50.6121115459513
152	66.8084233285049
153	22.8522857316436
154	-31.4043552265827
155	-15.0347303186322
156	-73.2856255907006
157	-76.7038654759002
158	-58.3155572901651
159	66.1130471100061
160	69.8873380426703
161	82.1882950146067
162	44.5613661424929
163	-18.8291701775341
164	-19.0833861434535
165	-74.9619379836177
166	-41.7494422974002
167	-37.4106390093036
168	62.2935749515968
169	60.3835960529695
170	103.311923379432
171	-3.81365923299963
172	-13.5499350175657
173	-51.7463738584961
174	-56.9733825153103
175	-64.2126917935928
176	42.6596630950449
177	77.2188661045531
178	85.8111688112673
179	23.95012323299
180	0.253523366727359
181	-61.3320911089135
182	-92.4087443505214
183	-68.8518411712177
184	-71.0058607293126
185	78.715242820809
186	70.1100172285093
187	65.3339679363326
188	5.86076907358217
189	15.6099450295777
190	-95.1282301315089
191	-72.1368190113161
192	-56.2500326312612
193	29.3127388546224
194	31.7116733415735
195	79.7292919660998
196	9.849293964243
197	-40.3039278922724
198	-38.8061661480167
199	-88.2317304312164
200	-69.9194441008349
201	-84.2078234478351
202	82.5536971086645
203	74.0086831252164
204	81.006676043818
205	18.1851385781053
206	30.5528782496718
207	-35.8922340835897
208	-68.4483420752463
209	-48.3473215793876
210	0.186774869017635
211	63.0213541528252
212	69.4918507764593
213	29.8265082354776
214	-35.4423072329517
215	-18.5400048887467
216	-91.001989541989
217	-80.9094861256644
218	-87.9999179371359
219	76.9239552141211
220	62.6733934931165
221	90.9692027502048
222	55.2184555961011
223	49.0081539061193
224	-18.6461675938164
225	-79.8007912028663
226	-32.3240244201578
227	-45.444441496614
228	62.1373286207885
229	53.9630867418642
230	52.0704539072201
231	-4.95849106034744
232	-12.2777287775814
233	-71.7109421590452
234	-63.2360659875981
235	-87.7524481108998
236	67.4861276658198
237	64.446850729037
238	96.4656533447539
239	66.0120127679307
240	-0.0420097079499879
241	-63.1703901749004
242	-90.6718399817643
243	-66.4347401436229
244	-45.360350171713
245	74.1403965696473
246	72.6969937737629
247	66.4554397778069
248	32.2124031332502
249	16.1760396722956
250	-41.1978814159135
251	-76.4615952347502
252	-67.3111525616999
253	42.8536336296821
254	42.0887429196704
255	76.4356261865223
256	22.240399302487
257	-44.5822104707324
258	-49.9694897140763
259	-74.9229586176382
260	-76.4365929002622
261	-71.3645612090967
262	62.6803735547468
263	66.2546310713784
264	76.9005117421773
265	19.2028631553982
266	35.4714428006513
267	-17.5458438090969
268	-66.055594770138
269	-67.4632146128878
270	-1.64973026826137
271	56.5921746671883
272	77.1214134333103
273	31.0982310850681
274	-17.6965962323241
275	-22.8366673854294
276	-84.9014937885778
277	-68.4029056968524
278	-82.5626687444493
279	82.3054248938804
280	80.2967869945032
281	88.6872880831602
282	50.7302605356584
283	43.9306729350416
284	-35.8328513026523
285	-69.2804647246094
286	-43.4345189924384
287	-15.7195003626411
288	52.6012265077935
289	48.400199190018
290	94.4003033769069
291	-15.6521008793577
292	-23.8548592012897
293	-64.806279063809
294	-70.1829378608337
295	-68.465865530073
296	51.1317501006197
297	74.1327426899345
298	101.424299688306
299	43.8981622569091
300	-0.339298739525502
301	-63.6383499565496
302	-92.7869221537832
303	-67.5663152104689
304	-40.2421535939602
305	70.8408276618162
306	63.615218217188
307	63.7371561148788
308	27.0456157959465
309	11.9797673304666
310	-116.889731536288
311	-51.4758257524431
312	-53.55361493568
313	16.0242938600032
314	47.3852858049817
315	97.565971298906
316	24.037555751319
317	18.7951301188525
318	-56.6613714850752
319	-84.8277559708747
320	-61.996690612404
321	-66.2918211400487
322	93.7285705365748
323	77.0464953270284
324	82.3601161194381
325	21.8393259119969
326	34.5506343361777
327	-14.4253983336152
328	-74.4988163966099
329	-58.1064151536291
330	-1.60045908650168
331	50.6121115445753
332	66.8084233302873
333	22.8522857326531
334	-31.4043552227595
335	-15.03473031785
336	-73.2856255886001
337	-76.7038654767429
338	-58.3155572906413
339	66.1130471118021
340	69.8873380398042
341	82.1882950142887
342	44.5613661421165
343	-18.8291701801253
344	-19.0833861463771
345	-74.9619379825968
346	-41.7494422960861
347	-37.4106390070427
348	62.293574950852
349	60.3835960560346
350	103.311923380644
351	-3.81365923316381
352	-13.5499350172379
353	-51.7463738587362
354	-56.97338251702
355	-64.2126917927524
356	42.6596630951637
357	77.2188661040119
358	85.8111688114516
359	23.9501232294118
360	0.253523369280214
