"Time [ms]"	"BranchCurrent(Vi_a) [A]"	"BranchCurrent(Vi_b) [A]"	"BranchCurrent(Vi_c) [A]"
0.1142	5.67100528459703E-07	-9.53409491241463E-07	3.8630896278176E-07
0.2284	1.63956345416972E-05	-0.763084955923608	0.763068560289066
0.3426	-4.24956938974758E-05	-1.52388695913438	1.52392945482828
0.4568	-8.02394932953211E-05	-2.31507057420794	2.31515081370123
0.571	-0.000137479465685072	-3.17602629921592	3.1761637786816
0.6852	-0.0002065294156587	-4.13555146568451	4.13575799510017
0.7994	-0.00026194236329451	-5.20359243463109	5.20385437699439
0.9136	-0.000289865156423131	-6.4080535331417	6.40834339829813
1.0278	-0.000271184458983664	-7.87305429176157	7.87332547622055
1.142	-0.000225251027912068	-9.85116207912725	9.85138733015516
1.2562	-0.000168327573015338	-12.2688555038412	12.2690238314142
1.3704	1.40217219022576	-10.3538643391869	8.95169214896115
1.4846	2.67224330489729	-9.16495599156585	6.49271268666856
1.5988	3.89481526747449	-8.53888403973287	4.64406877225838
1.713	4.91793384784558	-8.38830920270656	3.47037535486098
1.8272	5.83661928357475	-8.42665929005783	2.59004000648308
1.9414	6.68758575947369	-8.58099566902998	1.89340990955628
2.0556	7.49171978556989	-8.80787597890625	1.31615619333636
2.1698	8.26941495561248	-9.07825888103181	0.808843925419326
2.284	9.04794447142784	-9.39398512606886	0.346040654641021
2.3982	9.84409435917434	-9.84453865236827	0.000444293193931244
2.5124	10.6593345065898	-10.6595078209549	0.000173314365010668
2.6266	11.6979973282223	-11.6981405076149	0.000143179392559034
2.7408	13.0250910567988	-13.025202383514	0.000111326715284576
2.855	14.5359778549187	-14.5360580389485	8.01840297857126E-05
2.9692	15.9884990189789	-15.9885559593267	5.69403477452823E-05
3.0834	17.3649547219113	-17.3649820174659	2.72955545703724E-05
3.1976	18.6610025503005	-18.6610010162986	-1.53400194946585E-06
3.3118	19.7460130248494	-19.7460027637601	-1.02610893399913E-05
3.426	20.6099556558341	-20.6099453838013	-1.02720327888051E-05
3.5402	21.2853742892242	-21.285367900799	-6.38842517020066E-06
3.6544	21.8239443345977	-21.8239393438094	-4.99078832305599E-06
3.7686	22.2078292901524	-22.2078350339006	5.74374821482593E-06
3.8828	22.4944732541022	-22.4944878763478	1.46222456187672E-05
3.997	22.6968978620981	-22.6969245657425	2.6703644468995E-05
4.1112	22.8440645002138	-22.8441062377831	4.17375693153588E-05
4.2254	22.957886330792	-22.9579398097356	5.34789436557048E-05
4.3396	23.0278539389163	-23.0279243719063	7.04329899292588E-05
4.4538	23.0778071787307	-23.0778940343946	8.6855663923302E-05
4.568	23.1102272669604	-23.1103319957099	0.000104728749498406
4.6822	23.1228031488999	-23.1229270230648	0.00012387416486348
4.7964	23.1386679824765	-23.138806293028	0.000138310551463405
4.9106	23.1484105916554	-23.1485680771343	0.000157485478936792
5.0248	23.1597610147355	-23.1599344189726	0.000173404237052921
5.139	23.1734876051565	-23.1736777169119	0.000190111755411948
5.2532	17.2361720145668	-16.1138236700919	-1.12234834447495
5.3674	13.2734581555823	-11.1001762239564	-2.17328193162595
5.4816	10.6613418536075	-7.42517289978279	-3.23616895382467
5.5958	9.07939201526553	-4.83710418710226	-4.24228782816328
5.71	8.30489124048264	-3.26347666152931	-5.04141457895333
5.8242	8.00639143606107	-2.27761711891847	-5.7287743171426
5.9384	8.0028262558436	-1.65271655844943	-6.35010969739417
6.0526	8.15044096458122	-1.17835597516417	-6.97208498941705
6.1668	8.42952779010077	-0.820189326790276	-7.60933846331049
6.281	8.85640016746803	-0.557699484637885	-8.29870068283014
6.3952	9.57105346291187	-0.340178366137729	-9.23087509677414
6.5094	10.6851579201175	-0.144787960877359	-10.5403699592402
6.6236	12.3086717287389	-0.000463819223586626	-12.3082079095153
6.7378	14.1107366400281	-0.000341526543129281	-14.110395113485
6.852	16.0287836678811	-0.000291219808981527	-16.0284924480721
6.9662	11.1619720710202	1.07451247645399	-12.2364845474742
7.0804	7.7464053443599	2.1011097342921	-9.847515078652
7.1946	5.17165065854404	3.09194846685967	-8.26359912540371
7.3088	3.52763918148549	3.88080040424892	-7.40843958573441
7.423	2.45388827518306	4.52888145022366	-6.98276972540672
7.5372	1.81756560924594	5.07619924077844	-6.89376485002438
7.6514	1.36718820002487	5.59856295561549	-6.96575115564037
7.7656	1.07826475383518	6.12311862098903	-7.20138337482421
7.8798	0.911082943551137	6.69291313151323	-7.60399607506436
7.994	0.816398174466892	7.32738993014081	-8.14378810460771
8.1082	0.764328568944293	8.2128986792766	-8.9772272482209
8.2224	0.713932856949816	9.54070508103741	-10.2546379379872
8.3366	-0.443139680647683	7.88053207653035	-7.43739239588267
8.4508	-1.40077855342913	6.75814995807739	-5.35737140464827
8.565	-2.26024642616181	5.95041632629078	-3.69016990012897
8.6792	-2.92889003685106	5.46925617573998	-2.54036613888892
8.79340000000001	-3.44025260895159	5.26096730683844	-1.82071469788685
8.90760000000001	-3.9019509410047	5.18237950140691	-1.28042856040221
9.02180000000001	-4.33108067951178	5.24057613536925	-0.909495455857468
9.13600000000001	-4.74706282166738	5.43395102248861	-0.686888200821238
9.25020000000001	-5.18148251987388	5.76946764875072	-0.587985128876839
9.36440000000001	-5.71361243606633	6.31736049020852	-0.60374805414219
9.47860000000001	-6.33841165061997	7.0214943432829	-0.683082692662937
9.59280000000001	-5.43988785403425	5.05431456722606	0.3855732868082
9.70700000000001	-4.74175854460448	3.524029638092	1.21772890651248
9.82120000000001	-4.28376819356834	2.41360113467948	1.87016705888887
9.93540000000001	-4.0116353447069	1.62768482222334	2.38395052248356
10.0496	-3.83572457449924	1.03314501544815	2.80257955905109
10.1638	-3.76452288984554	0.584190143381081	3.18033274646446
10.278	-3.8015825169359	0.284304081077258	3.51727843585864
10.3922	-3.87942436151889	0.000601039594588904	3.8788233219243
10.5064	-4.20267739221161	0.000441769135945459	4.20223562307566
10.6206	-4.6096074292298	0.000526979572491552	4.60908044965731
10.7348	-5.25858723717809	0.129551700212859	5.12903553696523
10.849	-3.62918373971437	-0.763685943851972	4.39286968356635
10.9632	-2.4872846835456	-1.40731405612726	3.89459873967286
11.0774	-1.65956275529459	-1.92304384205139	3.58260659734598
11.1916	-1.03679288611097	-2.34510921680478	3.38190210291575
11.3058	-0.575650346510477	-2.69654762458705	3.27219797109753
11.42	-0.248435118040438	-3.007292427705	3.25572754574544
11.5342	-0.000543635439744394	-3.30683648187264	3.30738011731238
11.6484	-0.000419569727515761	-3.57209681134422	3.57251638107174
11.7626	-0.000505849803811266	-3.91146567942519	3.911971529229
11.8768	-0.000546845734342011	-4.34957439706158	4.35012124279592
11.991	0.77047032327536	-3.73460651906146	2.9641361957861
12.1052	1.33803663211404	-3.31429997654233	1.97626334442829
12.2194	1.80529961987311	-3.03662288144068	1.23132326156757
12.3336	2.18344084126214	-2.85541362996804	0.671972788705899
12.4478	2.50004996248305	-2.76359675215128	0.263546789668225
12.562	2.7654024693077	-2.76588653443105	0.000484065123345978
12.6762	2.94363200164231	-2.94394848960144	0.000316487959131528
12.7904	3.17658267222402	-3.17700345962362	0.000420787399601164
12.9046	3.49088559437775	-3.49139378134404	0.000508186966283741
13.0188	3.87674696872405	-3.98161287925029	0.104865910526248
13.133	3.3074545060543	-2.67908903598298	-0.62836547007132
13.2472	2.92483602003691	-1.7702741604647	-1.1545618595722
13.3614	2.66828029375879	-1.07810491495986	-1.59017537879893
13.4756	2.50775713931244	-0.567788321675513	-1.93996881763693
13.5898	2.43457116163734	-0.201755790020901	-2.23281537161643
13.704	2.46958470542756	-0.000454853906294045	-2.46912985152127
13.8182	2.64380886756142	-0.000349833590022461	-2.6434590339714
13.9324	2.87138202216649	-0.00043708627407208	-2.87094493589242
14.0466	3.17815424867077	-0.000531334735642469	-3.17762291393512
14.1608	2.07405160984279	0.638691300213023	-2.71274291005581
14.275	1.23636196747627	1.13359707749027	-2.36995904496654
14.3892	0.573703271670258	1.54943549954785	-2.1231387712181
14.5034	0.000593997138724656	1.92140934127776	-1.92200333841648
14.6176	0.000120580746122115	2.02995754686712	-2.03007812761325
14.7318	0.000205665533135185	2.15788184907883	-2.15808751461197
14.846	0.000297804906525173	2.30888703312436	-2.30918483803089
14.9602	0.000387187155080706	2.49612943624781	-2.49651662340289
15.0744	0.0004770521148933	2.73900421520583	-2.73948126732072
15.1886	0.000561582297399559	3.06817256166141	-3.06873414395881
15.3028	-0.611566215548132	2.61419823549462	-2.00263201994648
15.417	-1.08297440854561	2.29202317174236	-1.20904876319674
15.5312	-1.47393339929128	2.06827675406872	-0.594343354777436
15.6454	-1.85407855442384	1.85474193171403	-0.000663377290183842
15.7596	-1.96948750008754	1.9696611972024	-0.000173697114866256
15.8738	-2.10378098084394	2.10404311139745	-0.000262130553506878
15.988	-2.27167925647186	2.27202924161704	-0.000349985145182252
16.1022	-2.47649474103018	2.47693350113584	-0.00043876010566013
16.2164	-2.76063564272967	2.76115964541198	-0.00052400268231656
16.3306	-2.33703315275075	1.74620508182287	0.590828070927879
16.4448	-2.02227743799657	0.960761102078378	1.06151633591819
16.559	-1.7990243233793	0.353858994031369	1.44516532934793
16.6732	-1.71258421241447	0.000403354232042685	1.71218085818243
16.7874	-1.81600642841928	0.000139322905161133	1.81586710551412
16.9016	-1.94151225471782	0.000222496469126693	1.94128975824869
17.0158	-2.09224667144343	0.000319222962776269	2.09192744848065
17.13	-2.28011077614648	0.000404506431910534	2.27970626971457
17.2442	-2.52139489726846	0.000489732307437066	2.52090516496103
17.3584	-1.53909030299127	-0.584439698829078	2.12353000182035
17.4726	-0.761699831081101	-1.0513948938366	1.8130947249177
17.5868	-0.155968760933007	-1.43660556920719	1.5925743301402
17.701	-0.000176055062015623	-1.60769113224327	1.60786718730528
17.8152	-0.000102339929695286	-1.70534015146888	1.70544249139857
17.9294	-0.000191137547066931	-1.82226167193821	1.82245280948528
18.0436	-0.00028627062701224	-1.96161251693789	1.96189878756491
18.1578	-0.000375550502263206	-2.13509198492325	2.13546753542552
18.272	-0.000460526913573143	-2.35211506766086	2.35257559457443
18.3862	-0.000542906609055193	-2.64586681482066	2.64640972142971
18.5004	0.574148022038676	-2.23858356328091	1.66443554124223
18.6146	1.02711270041444	-1.93830057282723	0.911187872412794
18.7288	1.39739808432512	-1.73351390459031	0.336115820265192
18.843	1.65488889905882	-1.65530836772066	0.00041946866183884
18.9572	1.76367573479595	-1.76384537180848	0.000169637012527035
19.0714	1.89442895040038	-1.89468460245169	0.00025565205131417
19.1856	2.05488932898204	-2.05523879833004	0.000349469348004838
19.2998	2.25558307447105	-2.25601659544812	0.000433520977066948
19.414	2.51832179771684	-2.51883758754769	0.000515789830854541
19.5282	2.12213049849053	-1.54875080877287	-0.573379689717664
19.6424	1.82039339002829	-0.791025067112308	-1.02936832291598
19.7566	1.61271080944173	-0.20997596168088	-1.40273484776085
19.8707999999999	1.5987661939057	-0.000265394004982489	-1.59850079990072
19.9849999999999	1.70137044601394	-0.000137951052547868	-1.70123249496139
20.0991999999999	1.82440693505628	-0.000226417738472757	-1.82418051731781
20.2133999999999	1.97397450086025	-0.000320759064395869	-1.97365374179585
20.3275999999999	2.16029242896599	-0.000405958982764586	-2.15988646998322
20.4417999999999	2.39753336523698	-0.000489740063195603	-2.39704362517378
20.5559999999999	1.43556804254946	0.575365723170094	-2.01093376571955
20.6701999999999	0.675468307646552	1.03383235057713	-1.70930065822368
20.7843999999999	0.000603773526353546	1.45427307731786	-1.45487685084422
20.8985999999999	1.93859040479694E-05	1.54894316013624	-1.54896254604029
21.0127999999999	0.000105610335558908	1.64746525604986	-1.64757086638541
21.1269999999999	0.000195871927843646	1.76376746582112	-1.76396333774896
21.2411999999999	0.000290831348778869	1.90424905845089	-1.90453988979967
21.3553999999999	0.000379855736500434	2.07807611266349	-2.07845596839999
21.4695999999999	0.000463732435629358	2.29688760104372	-2.29735133347934
21.5837999999999	0.000544940094327062	2.59104180443949	-2.59158674453382
21.6979999999999	-0.567321930031234	2.18998473592848	-1.62266280589724
21.8121999999999	-1.01716040120574	1.89647059182898	-0.879310190623239
21.9263999999999	-1.38083406645507	1.69715571926666	-0.316321652811587
22.0405999999999	-1.63068196432593	1.63108674943572	-0.000404785109781702
22.1547999999999	-1.73875194954663	1.73893009127775	-0.000178141731120185
22.2689999999999	-1.87292491093282	1.87318394419698	-0.000259033264157882
22.3831999999999	-2.03260811285061	2.03296600775383	-0.000357894903221911
22.4973999999999	-2.23897242088716	2.2394077715879	-0.00043535070073375
22.6115999999999	-2.50306657544226	2.50358825544449	-0.000521680002230962
22.7257999999999	-2.11213488025606	1.53986366403112	0.572271216224937
22.8399999999999	-1.81218772193655	0.789075884087356	1.02311183784919
22.9541999999999	-1.60893768542958	0.212161906397271	1.39677577903231
23.0683999999999	-1.59276409747203	0.000276700531752605	1.59248739694028
23.1825999999999	-1.69779605152233	0.000142325012157553	1.69765372651018
23.2967999999999	-1.8216977004059	0.000233730581141002	1.82146396982476
23.4109999999999	-1.97419216090241	0.000326113313191183	1.97386604758921
23.5251999999999	-2.16304658460897	0.00041198608633746	2.16263459852263
23.6393999999999	-2.40474482634946	0.000494262001306974	2.40425056434816
23.7535999999999	-1.44502183735665	-0.5737319149613	2.01875375231795
23.8677999999999	-0.6875009040093	-1.03060886924998	1.71810977325928
23.9819999999999	-0.000620192476664339	-1.45733211762217	1.45795231009883
24.0961999999999	-2.63508960903034E-05	-1.55155817863557	1.55158452953166
24.2103999999999	-0.000111565676776332	-1.65161683527902	1.6517284009558
24.3245999999999	-0.00020336171401507	-1.76882379304918	1.7690271547632
24.4387999999999	-0.000296119949073894	-1.91233399897287	1.91263011892195
24.5529999999999	-0.000386540258251253	-2.0880090746832	2.08839561494146
24.6671999999999	-0.000468333211637864	-2.31171323551327	2.31218156872491
24.7813999999999	0.578564800489456	-1.92875495451484	1.35019015402538
24.8955999999999	1.0420618200421	-1.62963172073417	0.587569900692079
25.0097999999999	1.41985444030209	-1.42035931482716	0.000504874525065535
25.1239999999999	1.51768710879655	-1.51768152861097	-5.58018557716977E-06
25.2381999999999	1.61377694916516	-1.61385830779251	8.13586273475941E-05
25.3523999999999	1.72628342835878	-1.7264562890479	0.000172860689127363
25.4665999999999	1.86053500949701	-1.8608017213182	0.000266711821187649
25.5807999999999	2.02570194094849	-2.02605984453199	0.000357903583507291
25.6949999999999	2.23263278159493	-2.23307505479508	0.00044227320014123
25.8091999999999	2.50382776739354	-2.50435089908376	0.000523131690218559
25.9233999999999	2.11193599764832	-1.54134275616494	-0.570593241483377
26.0375999999999	1.81553268270749	-0.793036738556981	-1.02249594415051
26.1517999999999	1.614612023909	-0.220086802405873	-1.39452522150313
26.2659999999999	1.59608660591075	-0.000287688935124153	-1.59579891697562
26.3801999999999	1.70263338486651	-0.000148006781549152	-1.70248537808496
26.4943999999999	1.82886282901464	-0.000236569424739312	-1.8286262595899
26.6085999999999	1.98403076573642	-0.00033019724897581	-1.98370056848745
26.7227999999998	2.17517464646634	-0.000415456325014887	-2.17475919014132
26.8369999999998	2.42113880661418	-0.000496258467018113	-2.42064254814716
26.9511999999998	1.46125921012558	0.573001805421527	-2.03426101554711
27.0653999999998	0.703588188064495	1.03176784635523	-1.73535603441972
27.1795999999998	0.00063753234154329	1.46643587571407	-1.46707340805561
27.2937999999998	3.04388546403734E-05	1.56212802793633	-1.56215846679097
27.4079999999998	0.00011354179996697	1.6629742917585	-1.66308783355847
27.5221999999998	0.000206656922709005	1.7820230147177	-1.78222967164041
27.6363999999998	0.000298347018447931	1.92710261384284	-1.92740096086129
27.7505999999998	0.000388692279757511	2.10463740730237	-2.10502609958212
27.8647999999998	0.000469476248549534	2.33154812294885	-2.3320175991974
27.9789999999998	-0.578289252561034	1.94734570356642	-1.36905645100539
28.0931999999998	-1.04382479368363	1.64906251605806	-0.605237722374436
28.2073999999998	-1.42910146363282	1.42962770482492	-0.000526241192101873
28.3215999999998	-1.52968812697853	1.52968112907667	6.99790185598737E-06
28.4357999999998	-1.62429661530429	1.6243827692371	-8.61539328083083E-05
28.5499999999998	-1.74052906858761	1.74070012777166	-0.000171059184043365
28.6641999999998	-1.87427439570624	1.87454444635648	-0.000270050650245102
28.7783999999998	-2.04287311618944	2.04322999275333	-0.000356876563889497
28.8925999999998	-2.25001587108233	2.25045973484347	-0.000443863761144137
29.0067999999998	-2.52518901301001	2.52571222386726	-0.000523210857251044
29.1209999999998	-2.13110629214794	1.55951501227603	0.571591279871914
29.2351999999998	-1.83487850926208	0.809004110502414	1.02587439875967
29.3493999999998	-1.63330691772455	0.235087327945112	1.39821958977944
29.4635999999998	-1.6079782797423	0.000302171266660572	1.60767610847564
29.5777999999998	-1.71520672055238	0.000148950827040512	1.71505776972534
29.6919999999998	-1.84224878812628	0.000236846433193392	1.84201194169309
29.8061999999998	-1.99813584314136	0.000329790402918263	1.99780605273845
29.9203999999998	-2.19024864752947	0.000415468443644038	2.18983317908582
30.0345999999998	-2.43770766277864	0.000496437337467774	2.43721122544117
30.1487999999998	-1.47477537453986	-0.574789598926962	2.04956497346682
30.2629999999998	-0.715359153995658	-1.03498020794523	1.75033936194089
30.3771999999998	-0.000648464583261621	-1.47488770999047	1.47553617457373
30.4913999999998	-2.85119129766726E-05	-1.57192315738853	1.5719516693015
30.6055999999998	-0.000114113271179767	-1.67243091559537	1.67254502886655
30.7197999999998	-0.000204497446035323	-1.79295509357357	1.7931595910196
30.8339999999998	-0.00029923684710125	-1.93753744246269	1.93783667930979
30.9481999999998	-0.000386384800539913	-2.11672209992293	2.11710848472347
31.0623999999998	-0.000470269174659156	-2.34249729527498	2.34296756444964
31.1765999999998	0.581384823146809	-1.95973195220314	1.37834712905633
31.2907999999998	1.04590545779731	-1.65861811853477	0.612712660737454
31.4049999999998	1.43778301407528	-1.43831220683187	0.000529192756588248
31.5191999999998	1.53623053826905	-1.53622569103736	-4.84723168892032E-06
31.6333999999998	1.63367665748261	-1.63375786934546	8.12118628554792E-05
31.7475999999998	1.74751754065422	-1.74769077305637	0.0001732324021535
31.8617999999998	1.88263036090506	-1.88289663460091	0.000266273695846753
31.9759999999998	2.04977055938472	-2.05012830223361	0.000357742848892339
32.0901999999998	2.25761827393978	-2.25806004483094	0.000441770891153492
32.2043999999998	2.53158554912227	-2.53210800998336	0.000522460861083207
32.3185999999998	2.13701025772048	-1.56424790439407	-0.572762353326402
32.4327999999998	1.8402812121901	-0.811903792800588	-1.02837741938951
32.5469999999998	1.63733934893032	-0.235707023711641	-1.40163232521868
32.6611999999998	1.61225340606607	-0.000301575858983799	-1.61195183020708
32.7753999999998	1.71890978738535	-0.000146564117868649	-1.71876322326748
32.8895999999998	1.84607185740537	-0.000235227489599947	-1.84583662991577
33.0037999999998	2.00164040445754	-0.000327795004156112	-2.00131260945338
33.1179999999998	2.1930472498135	-0.000413855045536198	-2.19263339476796
33.2321999999998	2.43957352026698	-0.000494389871673938	-2.43907913039531
33.3463999999998	1.47633047684794	0.574799449485184	-2.05112992633312
33.4605999999998	0.714733007933587	1.03712270521797	-1.75185571315156
33.5747999999998	0.000648549444917323	1.47525744140152	-1.47590599084643
33.6889999999998	2.3467885458113E-05	1.57444286808015	-1.57446633596561
33.8031999999998	0.000115927071025478	1.6728739116202	-1.67298983869122
33.9173999999998	0.000197826170468788	1.79533941259207	-1.79553723876254
34.0315999999998	0.000298550301428086	1.93803579900656	-1.93833434930799
34.1457999999998	0.000382443409138732	2.11779123410935	-2.11817367751849
34.26	0.000468684866554043	2.34129484316909	-2.34176352803564
