"Time [ms]"	"BranchCurrent(Vi_t) [A]"
0.1142	0.000755643478368305
0.2284	0.764335691064473
0.3426	1.52516710311084
0.4568	2.31636956539059
0.571	3.17735389094355
0.6852	4.13691356595529
0.7994	5.20498222679979
0.9136	6.40945727228285
1.0278	7.87444867317646
1.142	9.85253347238023
1.2562	12.270198412811
1.3704	1.40368439832534
1.4846	2.67375549446194
1.5988	3.89632743913509
1.713	4.91944600485196
1.8272	5.83813142607681
1.9414	6.68909788769594
2.0556	7.49323189855019
2.1698	8.27092705037366
2.284	9.04945653861295
2.3982	9.84557528739625
2.5124	10.6606799220184
2.6266	11.6993276676532
2.7408	13.0264054584747
2.855	14.5372766731219
2.9692	15.9897862043644
3.0834	17.3662270748849
3.1976	18.6622604794654
3.3118	19.7472665831702
3.426	20.6112092029578
3.5402	21.2866297737354
3.6544	21.8252005144472
3.7686	22.2090908348037
3.8828	22.4957392361873
3.997	22.6981698836182
4.1112	22.8453440378128
4.2254	22.9591717384214
4.3396	23.0291478232275
4.4538	23.0791092741995
4.568	23.1115382989462
4.6822	23.1241237537444
4.7964	23.1399958056309
4.9106	23.1497480025166
5.0248	23.1611063852114
5.139	23.1748413296576
5.2532	1.12386054977508
5.3674	2.17479412364045
5.4816	3.23768113385478
5.5958	4.24379999562666
5.71	5.04292673491767
5.8242	5.73028646004418
5.9384	6.35162182768746
6.0526	6.97359710589702
6.1668	7.61085056536869
6.281	8.30021276915029
6.3952	9.23238716182899
6.5094	10.5418819907508
6.6236	12.3096985864596
6.7378	14.1118246135812
6.852	16.0298967775917
6.9662	1.07602469165618
7.0804	2.1026219327084
7.1946	3.09346065043545
7.3088	3.88231257563172
7.423	4.53039360901406
7.5372	5.07771138829297
7.6514	5.6000750910095
7.7656	6.12463074551078
7.8798	6.69442524586633
7.994	7.32890203495992
8.1082	8.21441077329082
8.2224	9.54221716054719
8.3366	0.444653423612228
8.4508	1.40229077010375
8.565	2.26175862392532
8.6792	2.93040222033633
8.79340000000001	3.44176478025476
8.90760000000001	3.90346309886597
9.02180000000001	4.33259282468405
9.13600000000001	4.74857495516927
9.25020000000001	5.18299464389861
9.36440000000001	5.71512455355344
9.47860000000001	6.33992376272594
9.59280000000001	0.387087105143606
9.70700000000001	1.21924112945567
9.82120000000001	1.87167926343459
9.93540000000001	2.38546271185454
10.0496	2.80409173294446
10.1638	3.18184490250114
10.278	3.51879057586064
10.3922	3.88038287840692
10.5064	4.20371535011765
10.6206	4.610602800742
10.7348	5.13054775417222
10.849	0.765198147080187
10.9632	1.40882627302232
11.0774	1.92455604220211
11.1916	2.34662140063598
11.3058	2.69805979049715
11.42	3.00880457486235
11.5342	3.30836717963754
11.6484	3.57356544836398
11.7626	3.9129774689272
11.8768	4.35112737072605
11.991	0.771982554675071
12.1052	1.33954884995133
12.2194	1.80681181959139
12.3336	2.18495302208263
12.4478	2.50156212380156
12.562	2.76690337828837
12.6762	2.94504910570629
12.7904	3.17805192913598
12.9046	3.49239856067553
13.0188	3.87826096332801
13.133	0.629877697025735
13.2472	1.15607408287672
13.3614	1.59168758293036
13.4756	1.94148100227008
13.5898	2.23432754607328
13.704	2.47061615880897
13.8182	2.64489281949579
13.9324	2.87242235122629
14.0466	3.17914746745917
14.1608	0.64020354298212
14.275	1.13510929862782
14.3892	1.55094769592165
14.5034	1.92296525920815
14.6176	2.03127671317572
14.7318	2.15924355920217
14.846	2.31029481160117
14.9602	2.49758190606987
15.0744	2.74050162215022
15.1886	3.06971227512443
15.3028	0.613078459472416
15.417	1.08448663149182
15.5312	1.47544559881782
15.6454	1.85566955912044
15.7596	1.97083322714179
15.8738	2.10517092655901
15.988	2.27311312868695
16.1022	2.47797300272781
16.2164	2.76215653837413
16.3306	0.592340317098773
16.4448	1.06302855736397
16.559	1.44667752446854
16.6732	1.71364143149423
16.7874	1.81719565190537
16.9016	1.94265989067277
17.0158	2.09334594286666
17.13	2.28116740632617
17.2442	2.52240892026699
17.3584	0.585951945662706
17.4726	1.05290711301355
17.5868	1.4381192498344
17.701	1.60903805132787
17.8152	1.7066502107326
17.9294	1.82361612789225
18.0436	1.96301453768531
18.1578	2.13653864519189
18.272	2.35360421911887
18.3862	2.64739717779186
18.5004	0.575660268923794
18.6146	1.02862492277875
18.7288	1.39891028123594
18.843	1.65635753260793
18.9572	1.76501944063182
19.0714	1.89581566300439
19.1856	2.05632294925163
19.2998	2.25705872198672
19.414	2.51983859001589
19.5282	0.574891936973412
19.6424	1.03088054355715
19.7566	1.4042470718624
19.8707999999999	1.59989239114129
19.9849999999999	1.7025603601396
20.0991999999999	1.82555261414408
20.2133999999999	1.97507300786237
20.3275999999999	2.16134833630381
20.4417999999999	2.39854738765462
20.5559999999999	0.576877970403077
20.6701999999999	1.03534456914628
20.7843999999999	1.45583390370249
20.8985999999999	1.55021174112896
21.0127999999999	1.64877695304648
21.1269999999999	1.76512429099349
21.2411999999999	1.90565336151691
21.3553999999999	2.07952492750249
21.4695999999999	2.29837835730826
21.5837999999999	2.59257318802514
21.6979999999999	0.568834177334589
21.8121999999999	1.01867262362063
21.9263999999999	1.3823462646668
22.0405999999999	1.63214325621013
22.1547999999999	1.74009990878488
22.2689999999999	1.87431331499686
22.3831999999999	2.03404594693369
22.4973999999999	2.24044898424671
22.6115999999999	2.50458631463849
22.7257999999999	0.573783463399886
22.8399999999999	1.02462405874038
22.9541999999999	1.39828799745215
23.0683999999999	1.59388464191341
23.1825999999999	1.69898377891051
23.2967999999999	1.82283972332517
23.4109999999999	1.97528799106552
23.5251999999999	2.16409947884609
23.6393999999999	2.40575658889143
23.7535999999999	0.57524416227807
23.8677999999999	1.03212108816457
23.9819999999999	1.45890116407643
24.0961999999999	1.55283024181799
24.2103999999999	1.65293150987281
24.3245999999999	1.77018436309535
24.4387999999999	1.91374094632849
24.5529999999999	2.08946123194535
24.6671999999999	2.31320629269638
24.7813999999999	0.580077047525625
24.8955999999999	1.04357403666359
25.0097999999999	1.42136579322222
25.1239999999999	1.51894320992692
25.2381999999999	1.61507652128632
25.3523999999999	1.72762874870885
25.4665999999999	1.86192725333079
25.5807999999999	2.02713977975412
25.6949999999999	2.23411280688973
25.8091999999999	2.50534823446307
25.9233999999999	0.572105488794147
26.0375999999999	1.0240081651486
26.1517999999999	1.39603743581457
26.2659999999999	1.59720165646789
26.3801999999999	1.70381827121664
26.4943999999999	1.8300034323908
26.6085999999999	1.98512455381092
26.7227999999998	2.17622580559802
26.8369999999998	2.4221495712146
26.9511999999998	0.574514052817225
27.0653999999998	1.03328006547846
27.1795999999998	1.46801361199763
27.2937999999998	1.56340213424527
27.4079999999998	1.66428995405146
27.5221999999998	1.78338523198788
27.6363999999998	1.92851067437972
27.7505999999998	2.10609064025895
27.8647999999998	2.33304175140464
27.9789999999998	0.579801499673005
28.0931999999998	1.04533701054459
28.2073999999998	1.43062350224525
28.3215999999998	1.53094351866816
28.4357999999998	1.62559858467955
28.5499999999998	1.74187348772779
28.6641999999998	1.87566830855725
28.7783999999998	2.04431044101028
28.8925999999998	2.25149669124585
29.0067999999998	2.5267095195952
29.1209999999998	0.573103527158402
29.2351999999998	1.02738661983317
29.3493999999998	1.39973179727864
29.4635999999998	1.60908608925618
29.5777999999998	1.71639113437112
29.6919999999998	1.84338925257892
29.8061999999998	1.9992298342049
29.9203999999998	2.19129980016553
30.0345999999998	2.43871833754598
30.1487999999998	0.576301846221456
30.2629999999998	1.03649242713013
30.3771999999998	1.47647093661704
30.4913999999998	1.57319629955244
30.6055999999998	1.67374686327463
30.7197999999998	1.7943162307213
30.8339999999998	1.93894594757857
30.9481999999998	2.11817417870899
31.0623999999998	2.34399131979815
31.1765999999998	0.582897070034215
31.2907999999998	1.04741767469014
31.4049999999998	1.43930652893062
31.5191999999998	1.53748700460747
31.6333999999998	1.63497615550773
31.7475999999998	1.74886304613865
31.8617999999998	1.88402238496728
31.9759999999998	2.05120831709285
32.0901999999998	2.25909804735355
32.2043999999998	2.53310567981909
32.3185999999998	0.574274600544274
32.4327999999998	1.02988964038948
32.5469999999998	1.40314453200282
32.6611999999998	1.6133615130733
32.7753999999998	1.72009539441026
32.8895999999998	1.84721313115132
33.0037999999998	2.00273539302286
33.1179999999998	2.19409920890112
33.2321999999998	2.44058521823779
33.3463999999998	0.576311696819637
33.4605999999998	1.03863492427288
33.5747999999998	1.47684070319116
33.6889999999998	1.57571348831339
33.8031999999998	1.67419076614213
33.9173999999998	1.79669721395768
34.0315999999998	1.93944396070973
34.1457999999998	2.11924134196364
34.26	2.34278807511284
