"Time [ns]"	"NodeVoltage(Ie_a) [mV]"	"NodeVoltage(Ie_b) [mV]"	"NodeVoltage(Ie_c) [mV]"	"NodeVoltage(Iv_a) [mV]"	"NodeVoltage(Iv_b) [mV]"	"NodeVoltage(Iv_c) [mV]"
114200	-280.777444608753	472.043080860717	-191.265636257023	-280.771648841352	472.033337015716	-191.261688179424
228400	-8117.65156331924	-241372.202229592	241372.370417766	-8117.48399993422	-249170.930479131	249170.93110392
342600	21040.0684844473	-233578.621280631	233578.186178746	21039.6341784557	-249152.746002984	249152.745207091
456800	39727.4371086463	-225480.33089307	225479.509817523	39726.6170610248	-249140.352161476	249140.351133549
571000	68067.6415293558	-216671.464768228	216670.05828702	68066.2364892165	-249130.453546215	249130.452105146
685200	102255.349618696	-206856.374471782	206854.262029167	102253.238888068	-249121.710451078	249121.70873909
799400	129691.637844179	-195932.924358942	195930.245519115	129688.960793226	-249113.639040871	249113.637251998
913600	143517.246016032	-183615.541008701	183612.57706371	143514.283594134	-249105.848117409	249105.846594317
1027800	134267.878315174	-168634.97124231	168632.198294874	134265.106810003	-249097.586104114	249097.584661848
1142000	111524.872572929	-148408.933564385	148406.630376238	111522.570507424	-249087.810013066	249087.808890424
1256200	83340.9494311882	-123689.619685936	123687.898561258	83339.229123392	-249077.322935193	249077.322118312
1370400	234820.819112167	-143268.081898407	-342377.851366246	249151.018896275	-249084.575444897	-250891.557603863
1484600	221825.595326985	-155425.173919328	-317237.377321815	249135.921903035	-249091.024153131	-250881.853664062
1598800	209318.741458362	-161826.729009746	-298335.577408547	249123.753491952	-249094.123895816	-250873.194556066
1713000	198854.380500122	-163366.375671201	-286333.238364756	249115.664425104	-249094.895722863	-250866.002238077
1827200	189459.163154372	-162974.277551084	-277328.261695979	249109.412232506	-249094.735495476	-250858.052829722
1941400	180757.067667348	-161396.185799314	-270200.555116912	249104.194129169	-249093.961536801	-250849.905841246
2055600	172534.275244999	-159076.3421116	-264291.5999017	249099.651453524	-249092.834616022	-250840.483605802
2169800	164582.122348248	-156311.707420024	-259094.258673391	249095.543194607	-249091.513184169	-250827.873755605
2284000	156621.667937664	-153083.469785725	-254342.502774431	249091.660435657	-249089.997774149	-250805.967284
2398200	148481.242792044	-148476.700125756	-219984.18259154	249087.887142806	-249087.88515296	-219979.641915098
2512400	140145.798385121	-140144.026440189	-85809.7962270095	249084.197042469	-249084.196370347	-85808.0249541991
2626600	129526.181818964	-129524.717746039	-70889.8014390403	249079.714513396	-249079.713733863	-70888.3381456483
2740800	115957.84940677	-115956.711676414	-55119.1001130726	249074.280007253	-249074.280035927	-55117.9623540424
2855000	100510.732620601	-100509.913071545	-39699.9775183426	249068.42629787	-249068.426229599	-39699.1580375582
2969200	85660.6029243015	-85660.0204381677	-28191.7734687883	249063.062898266	-249063.062342486	-28191.1915384343
3083400	71588.337861131	-71588.0584781414	-13514.3123084932	249058.175119065	-249058.174696643	-13514.0333479254
3197600	58338.276089156	-58338.2916940174	759.502336936712	249053.722153228	-249053.722080589	759.486659436789
3311800	47245.8380168765	-47245.9429615811	5080.37344449655	249050.091130838	-249050.091207209	5080.26857616349
3426000	38413.5091763513	-38413.6139639729	5085.7916778687	249047.255978976	-249047.255786422	5085.6866976936
3540200	31508.5466128896	-31508.6112766154	3162.97652741246	249045.071848761	-249045.071222781	3162.91123770722
3654400	26002.6377325369	-26002.6884181863	2470.99186011688	249043.348832126	-249043.348511918	2470.94085426022
3768600	22078.1150849686	-22078.0562399334	-2843.79031631562	249042.130430326	-249042.130286398	-2843.73161520887
3882800	19147.7091612398	-19147.5600244921	-7239.62786740117	249041.225818164	-249041.226120767	-7239.47842805094
3997000	17078.2932369872	-17078.0197020439	-13221.2563122313	249040.58938763	-249040.588763933	-13220.9834009849
4111200	15573.7888136662	-15573.3615162828	-20664.7135200366	249040.128005851	-249040.127266426	-20664.2869620782
4225400	14410.1741672809	-14409.6267842883	-26477.9971996757	249039.772467975	-249039.771639786	-26477.4506448716
4339600	13694.8857724751	-13694.1660670133	-34872.1351490704	249039.5530282	-249039.553147895	-34871.4153239133
4453800	13184.2077261099	-13183.3201522515	-43003.1941730374	249039.397092738	-249039.397183765	-43002.3065081522
4568000	12852.7737993354	-12851.7029352696	-51852.3792021346	249039.296467671	-249039.295931425	-51851.3088743148
4682200	12724.2088255119	-12722.9423205808	-61331.526310934	249039.257007269	-249039.256496303	-61330.2603169691
4796400	12562.0207874893	-12560.6071541083	-68479.189618796	249039.207568399	-249039.207468854	-68477.77608496
4910600	12462.4208829601	-12460.8108119326	-77972.9837126639	249039.177129678	-249039.176560245	-77971.3742110692
5024800	12346.3841595601	-12344.6116264803	-85854.6287948188	249039.141730157	-249039.14138838	-85852.8566035161
5139000	12206.0557166687	-12204.111778433	-94126.8214803712	249039.099041368	-249039.098045273	-94124.8785382309
5253200	72904.2721875633	415589.268321451	-237690.0393222	249057.950176436	250905.990413112	-249160.439402733
5367400	113418.330380014	364339.680469163	-226931.331744016	249073.072730065	250895.879460329	-249142.273085234
5481600	140125.100773537	326770.755456882	-216056.209518414	249084.014517405	250885.488421102	-249129.856226502
5595800	156299.967536129	300309.917518804	-205764.667839252	249091.353932143	250874.712726619	-249120.84944308
5710000	164219.25357528	284218.24503518	-197591.517985273	249095.242053012	250865.513554351	-249114.774982176
5824200	167271.540120243	274132.87350728	-190562.035626881	249096.860596787	250855.626551933	-249110.109148078
5938400	167308.021777538	267737.761900747	-184208.086308766	249096.90611226	250846.998673394	-249106.207416135
6052600	165798.644632906	262880.532985218	-177847.840258359	249096.151290926	250837.73491904	-249102.548850201
6166800	162944.949792039	259210.75287436	-171331.574358868	249094.723806868	250828.417954563	-249099.013453901
6281000	158580.182823649	256518.276050207	-164282.671412548	249092.592535172	250818.587317207	-249095.392391072
6395200	151272.981497559	254282.225046788	-154751.22285775	249089.147888519	250805.60214486	-249090.766346782
6509400	139881.751228935	252263.261555895	-141362.127884043	249084.065172536	250783.528595729	-249084.708867478
6623600	123282.533213905	229658.486100219	-123287.275707934	249077.158281616	229653.745867754	-249077.160543181
6737800	104858.317251906	169096.892526122	-104861.8091205	249070.045712993	169093.402124851	-249070.047180317
6852000	85248.7459115484	144187.713729238	-85251.7232928035	249062.914997293	144184.73746279	-249062.916112101
6966200	-364972.559168606	238179.168807774	-124019.421582721	-250897.204602779	249160.686317134	-249076.293657907
7080400	-330054.901274021	227669.950555515	-148446.02925719	-250886.638654663	249143.29203998	-249087.633361013
7194600	-303730.347677119	217531.612531753	-164641.48305202	-250876.077946799	249131.325863059	-249095.466113646
7308800	-286919.433008058	209462.069958022	-173385.73370327	-250866.960573276	249123.850089446	-249099.986269476
7423000	-275936.046866351	202833.409730087	-177738.535134206	-250857.308693981	249118.578151373	-249102.441727863
7537200	-269425.177141504	197235.783687216	-178648.690463273	-250849.65661501	249114.539927971	-249102.967230522
7651400	-264814.280849934	191893.653631941	-177912.601394514	-250841.61744568	249110.967038331	-249102.578205159
7765600	-261855.413529577	186529.330597657	-175503.108738704	-250835.547745382	249107.602904165	-249101.246829408
7879800	-260142.39875034	180702.59023785	-171386.1956078	-250831.131067247	249104.162441916	-249099.035494958
7994000	-259171.740660519	174214.626907662	-165866.671258833	-250828.151317467	249100.551993701	-249096.185687924
8108200	-258637.821150889	165159.994355194	-157344.725886194	-250826.383176278	249095.818857401	-249091.988363011
8222400	-258120.970741364	151583.264447823	-144283.581814158	-250824.576943337	249089.270376026	-249085.981540387
8336600	-246134.825412771	168557.803148048	326896.494657161	-250663.71294899	249096.840970188	250886.34437124
8450800	-234839.065900768	180035.418819536	305629.244219579	-249155.022716813	249103.711391087	250876.908464073
8565000	-226041.356380736	188295.403277318	288580.721024752	-249141.07485611	249108.65813201	250867.184645434
8679200	-219199.756399907	193215.989281793	276820.522208951	-249133.012576525	249111.787397856	250857.980269506
8793400.00000001	-213968.468259424	195346.130507478	269457.356017991	-249127.849922909	249113.216383366	250849.651805587
8907600.00000001	-209245.752247334	196149.870018199	263925.909174996	-249123.690864402	249113.788522577	250839.929287685
9021800.00000001	-204856.491993857	195554.694127448	260126.369400038	-249120.136538468	249113.382230921	250831.325841175
9136000.00000001	-200601.952566985	193577.079890072	257844.292970323	-249116.934604425	249112.059339906	250824.29555793
9250200.00000001	-196159.050518969	190145.879806699	256829.47237712	-249113.80187208	249109.839176931	250820.264359999
9364400.00000001	-190717.087325472	184542.966366599	256991.140474579	-249110.206422069	249106.39057653	250820.835361245
9478600.00000001	-184327.708256621	177342.587170437	257804.674260019	-249106.275325957	249102.259358788	250823.569141003
9592800.00000001	-193516.067674272	-302531.151671511	246793.189459722	-249111.721542502	-250876.056794461	250733.748450902
9707000.00000001	-200656.183717482	-286881.617276393	236713.669633663	-249116.95604334	-250866.034375092	249158.859058221
9821200.00000001	-205340.36808185	-275523.477410509	230033.572946405	-249120.479020119	-250856.473814085	249146.68028825
9935400.00000001	-208123.817423716	-267481.385465795	224775.456433318	-249122.730646621	-250846.446582673	249139.4307731
10049600	-209923.154599108	-261393.33177265	220492.070283855	-249124.25975049	-250834.58971477	249134.433377357
10163800	-210651.460176951	-256790.721706537	216627.418744754	-249124.884111173	-250820.298441182	249130.419413621
10278000	-210272.382412142	-253713.614297487	213180.557324424	-249124.555735227	-250808.026588878	249127.142938899
10392200	-209476.168556438	-297767.533557811	209482.316392544	-249123.885531161	-297761.390933154	249123.89074261
10506400	-206169.800607833	-218728.899791806	206174.31909739	-249121.163556235	-218724.384911237	249121.167165223
10620600	-202007.775661526	-260939.774635474	202013.165407496	-249117.963588254	-260934.388904243	249117.967602994
10734800	-195370.474820425	-252232.790344232	196695.418191916	-249113.236384385	-250908.771968056	249114.161379701
10849000	287957.950946085	-241330.401490259	204224.23555875	250867.693126205	-249135.271836426	249119.363724798
10963200	276277.434914016	-234772.013202715	209320.913470157	250857.38544818	-249154.762856335	249123.712589613
11077400	267807.610779122	-229492.388349655	212512.266245399	250846.879420012	-249145.896415421	249126.505670275
11191600	261430.779262863	-225172.93388736	214565.377172006	250834.755966809	-249139.950083105	249128.416663805
11305800	256703.38631521	-221576.930002155	215687.628390288	250820.239773873	-249135.646725435	249129.491654904
11420000	253343.95201463	-218397.682595753	215856.118347168	250804.945108256	-249132.211206898	249129.653864687
11534200	269182.147632292	-215333.289426478	215327.728145343	269176.591678098	-249129.158271217	249129.152944275
11648400	207736.913757245	-212619.796662604	212615.504746267	207732.62575463	-249126.626074542	249126.62216082
11762600	250470.749649121	-209148.425025788	209143.250940779	250465.579864126	-249123.604269513	249123.5999695
11876800	291256.795054578	-204667.331184997	204661.738113891	291251.206291173	-249119.981522966	249119.977215265
11991000	241288.81237745	-210957.26883693	-281155.728148738	249163.019081325	-249124.947461738	-250862.256227804
12105200	235481.53985782	-215256.9007337	-271048.88454179	249156.274238025	-249129.046493962	-250851.473161733
12219400	230697.615366518	-218097.591581125	-263423.322176916	249147.777481621	-249131.877429448	-250839.198443696
12333600	226827.353159474	-219951.515270338	-257691.742372858	249142.118557173	-249133.842568611	-250824.180472284
12447800	223587.485319432	-220890.912583097	-253501.412631315	249137.995936009	-249134.871390083	-250807.964440906
12562000	220872.449537778	-220867.496974979	-239674.941990091	249134.862774103	-249134.857356864	-239669.99484453
12676200	219048.970788117	-219045.732791997	-156697.577235093	249132.889844901	-249132.886355724	-156694.34272815
12790400	216665.779082776	-216661.474325285	-208342.538762213	249130.453992906	-249130.449682639	-208338.238314989
12904600	213450.532231827	-213445.333738692	-251628.421899167	249127.383006368	-249127.378184028	-251623.228228372
13018800	209503.550182319	-208430.897408778	-253720.903206067	249123.904202678	-249122.981034716	-252649.173600489
13133000	215326.7526481	278240.003085293	-242735.275198112	249128.937699975	250859.713137547	-249157.170302241
13247200	219241.224174883	268940.984944622	-237360.753705847	249133.04829966	250848.783024673	-249160.375910675
13361400	221866.131458162	261854.01371457	-232899.893107807	249135.956060376	250835.78148368	-249151.485479132
13475600	223508.611201886	256623.166080586	-229319.176861325	249137.889165659	250820.369433063	-249145.658177574
13589800	224257.48520736	252875.530767787	-226322.078585594	249138.802479294	250813.586593774	-249141.451683514
13704000	223899.221970884	225209.729055294	-223903.876306217	249138.377660354	225205.080448372	-249138.383388765
13818200	222116.539247208	173208.281983627	-222120.118715583	249136.265873685	173204.706684337	-249136.270042771
13932400	219788.150104459	216414.282384666	-219792.621954734	249133.674371001	216409.815362945	-249133.679199554
14046600	216649.696546637	263095.641886562	-216655.13228533	249130.432968052	263090.211645563	-249130.438465746
14160800	-272049.63062351	242645.907429905	-221411.091849095	-250852.823170916	249173.332518082	-249135.324389865
14275000	-263475.03886697	237575.66668363	-224918.631815783	-250839.419559362	249161.028815581	-249139.613255341
14389200	-256683.590022498	233317.012829221	-227444.47734873	-250820.342586028	249152.2436346	-249142.955590579
14503400	-294120.948344752	229509.158800016	-229503.078970507	-294114.877693995	249145.962267875	-249145.953089123
14617600	-59701.8579772049	228398.157172034	-228396.923086669	-59700.6256419795	249144.323301016	-249144.321550876
14731800	-101827.552592404	227088.935829634	-227086.831037538	-101825.450690656	249142.488327219	-249142.485436873
14846000	-147447.929381982	225543.612498413	-225540.564969738	-147444.885815837	249140.437976944	-249140.434014413
14960200	-191705.138669928	223627.603671876	-223623.641838487	-191701.181617203	249138.046510329	-249138.041729664
15074400	-236206.46908019	221142.534836386	-221137.653887784	-236201.593607576	249135.15791579	-249135.152439802
15188600	-278104.256124584	217774.837090398	-217769.091829095	-278098.516753504	249131.560670578	-249131.554780354
15302800	-242923.998832753	222419.361363808	271318.85023717	-249174.205555655	249136.467330563	250851.950993317
15417000	-238094.305850518	225716.148091028	263195.401594537	-249162.304305854	249140.624906235	250838.923234667
15531200	-234090.082474006	228005.950436835	256895.431925455	-249153.681814763	249143.738863418	250821.24283963
15645400	-230198.335960314	230191.545656266	328860.363164071	-249147.018786526	249147.008198383	328853.583448166
15759600	-229017.061819942	229015.283928785	85999.8266856538	-249145.224070836	249145.221364193	85998.0515011399
15873800	-227642.611098542	227639.928327982	129784.575893513	-249143.252722767	249143.248926464	129781.896919256
15988000	-225924.368447757	225920.786868281	173284.435067308	-249140.930448899	249140.925717608	173280.858219124
16102200	-223828.513345762	223824.023806014	217243.112517759	-249138.289599091	249138.284187622	217238.62838948
16216400	-220921.208934666	220915.847680613	259464.767739462	-249134.905203363	249134.899256723	259459.412432049
16330600	-225255.457108382	-268694.567095816	243138.298423521	-249139.935929495	-250848.351159586	249176.561308404
16444800	-228476.730506663	-260652.038848672	238314.203581348	-249144.405922988	-250833.060385432	249162.900534432
16559000	-230761.849545101	-254428.619536475	234384.652537613	-249147.878130038	-250812.180617474	249154.242203549
16673200	-231646.742157271	-199707.247806394	231650.871370056	-249149.352808147	-199703.125526143	249149.35974068
16787400	-230588.04460713	-68980.3453207557	230589.470797776	-249147.630305575	-68978.9214406649	249147.63261613
16901600	-229303.395765284	-110160.882526506	229305.673095957	-249145.6510085	-110158.608612591	249145.654425259
17015800	-227760.655859199	-158052.678124307	227763.922926531	-249143.416841351	-158049.415665627	249143.421450004
17130000	-225838.084927629	-200281.217670253	225842.224397232	-249140.817059846	-200277.083614519	249140.822473715
17244200	-223369.076121076	-242487.258752473	223374.087231248	-249137.731971159	-242482.253688291	249137.73801715
17358400	266574.532568119	-243204.637257695	227440.387322814	250845.029671549	-249177.610979729	249142.863941418
17472600	258611.867534781	-238417.915382016	230617.825809561	250827.295261132	-249163.171197026	249147.65389822
17586800	253873.325003418	-234472.307838112	232875.324182989	252279.324266683	-249154.41675541	249151.433837022
17701000	87166.9357332013	-232720.592538071	232718.790084631	87165.1364504675	-249151.195909597	249151.192738891
17815200	50669.5938299611	-231720.900803117	231719.853137122	50668.5479158797	-249149.477151129	249149.475399215
17929400	94634.4798024034	-230524.013600947	230522.057076505	94632.5263766724	-249147.527888155	249147.524789445
18043600	141736.92710481	-229097.66460045	229094.734568123	141734.001419002	-249145.344523555	249145.340177037
18157800	185943.136749503	-227322.165535218	227318.322077962	185939.29862337	-249142.805621133	249142.800290011
18272000	228022.686723996	-225101.252334787	225096.539725281	228017.980138939	-249139.868326281	249139.862301831
18386200	268836.35594181	-222095.472921093	222089.918014062	268830.807436265	-249136.23176856	249136.225367074
18500400	243309.384388992	-226262.92227396	-267857.663315835	249177.177174228	-249141.246290691	-250847.132084339
18614600	238666.718399838	-229336.236143841	-260144.138165211	249163.810198074	-249145.667998135	-250831.798109152
18728800	234873.799110832	-231432.449658483	-254247.00790044	249155.207532635	-249148.961763396	-250811.904217329
18843000	232237.389472547	-232233.095093083	-207686.249179185	249150.354020928	-249150.346611188	-207681.962209461
18957200	231123.723694824	-231121.987154512	-83989.0805398532	249148.489704439	-249148.486854395	-83987.3468495852
19071400	229785.315561648	-229782.69879519	-126576.929458633	249146.37943474	-249146.375432247	-126574.316694669
19185600	228142.987255345	-228139.410585908	-173028.936527695	249143.956197541	-249143.951104841	-173025.364950958
19299800	226089.085785437	-226084.649348849	-214648.894761123	249141.144806531	-249141.138954329	-214644.464176738
19414000	223400.51851122	-223395.24071179	-255396.031051529	249137.767283886	-249137.760856527	-255390.759679458
19528200	227454.700977192	266673.462762335	-243317.877945609	249142.874671765	250845.229496677	-249177.818374523
19642400	230543.110063859	258912.55837176	-238643.613166383	249147.530509948	250828.282185872	-249163.757426584
19756600	232669.161216841	252982.786363241	-234819.148538379	249151.065689335	250836.832034863	-249155.098682494
19870799.9999999	232811.967325217	131399.418164894	-232814.684477409	249151.357826933	131396.705838163	-249151.362652394
19984999.9999999	231761.538770281	68301.0204241284	-231762.95098028	249149.544728543	68299.6105643714	-249149.547078785
20099199.9999999	230502.054113913	112102.353877494	-230504.371784069	249147.492990188	112100.039888207	-249147.496671057
20213399.9999999	228971.137267398	158813.290098432	-228974.420293174	249145.15666619	158810.011940794	-249145.161534328
20327599.9999999	227064.262829434	201000.488046511	-227068.417347521	249142.451453467	200996.339145707	-249142.45707075
20441799.9999999	224636.490490778	242491.260008567	-224641.501916531	249139.2814835	242486.254865121	-249139.287765807
20555999.9999999	-265514.751781961	243297.917600356	-228592.755250001	-250843.246387106	249178.155291155	-249144.498335655
20670199.9999999	-257727.782689542	238597.872008323	-231680.330585304	-250824.496585395	249163.638631221	-249149.38331235
20784399.9999999	-298964.867784517	234291.423957727	-234285.241430171	-298958.697219077	249154.094807916	-249154.082845799
20898599.9999999	-9602.85038478322	233322.076278795	-233321.877794871	-9602.65226084385	249152.275375388	-249152.275015403
21012799.9999999	-52288.7959491489	232313.390179707	-232312.308993687	-52287.7166115194	249150.485096536	-249150.483248146
21126999.9999999	-96978.5464349303	231122.784676363	-231120.779598984	-96976.5446238277	249148.488177055	-249148.484910778
21241199.9999999	-143995.076638942	229684.800382719	-229681.823582919	-143992.104342557	249146.225760087	-249146.221256671
21355399.9999999	-188074.914518439	227905.681221755	-227901.793602191	-188071.032392812	249143.619093176	-249143.613599239
21469599.9999999	-229610.270459331	225666.400905827	-225661.655395702	-229605.531113839	249140.592188494	-249140.586023861
21583799.9999999	-269845.631707739	222656.435281637	-222650.859396191	-269840.062419975	249136.882523009	-249136.875925326
21697999.9999999	-243379.550802025	226760.266765581	267430.091860429	-249177.580926944	249141.91076677	250846.477984159
21812199.9999999	-238768.707694534	229764.383926048	259817.476180824	-249164.086994857	249146.313374541	250830.926032655
21926399.9999999	-235043.42067752	231804.650181598	254045.042430279	-249155.544836691	249149.581632503	250812.235138545
22040599.9999999	-232485.213331328	232481.069202032	200415.853169544	-249150.783006739	249150.775781265	200411.716265722
22154799.9999999	-231378.862889385	231377.039243905	88199.8481446723	-249148.907813752	249148.904776763	88198.0275361803
22268999.9999999	-230005.424035812	230002.772572569	128251.090652339	-249146.716625545	249146.712482262	128248.443332379
22383199.9999999	-228371.028294451	228367.365414538	177200.730250948	-249144.283207785	249144.278013782	177197.072565037
22497399.9999999	-226259.069246444	226254.613992392	215555.275511453	-249141.367387911	249141.36141802	215550.826227292
22611599.9999999	-223556.615464836	223551.277457405	258313.590435332	-249137.955865856	249137.949428048	258308.25886571
22725799.9999999	-227557.002558393	-266582.489868997	243329.126480185	-249143.02103461	-250845.083222599	249177.738310003
22839999.9999999	-230627.107256789	-258892.590069463	238707.714392041	-249147.665774981	-250828.23453409	249163.917374859
22954199.9999999	-232707.78781654	-252999.309672547	234880.176310921	-249151.13096163	-250831.014989167	249155.224772631
23068399.9999999	-232873.418166862	-136997.431067711	232876.251082134	-249151.467243026	-136994.603188277	249151.472278864
23182599.9999999	-231798.130055244	-70466.6126074022	231799.587083819	-249149.605701802	-70465.158045778	249149.608168753
23296799.9999999	-230529.78657905	-115723.076266286	230532.179105177	-249147.537077198	-115720.687539747	249147.540876786
23410999.9999999	-228968.909032665	-161464.407283081	228972.246888503	-249145.152917088	-161461.07440502	249145.157894865
23525199.9999999	-227036.076920608	-203984.956942553	227040.293201388	-249142.413015311	-203980.746444751	249142.418798289
23639399.9999999	-224562.696868105	-244731.268471486	224567.754514281	-249139.188993397	-244726.217113833	249139.195281919
23753599.9999999	265611.541182707	-243314.643284225	228512.718170329	250843.418004922	-249178.183455129	249144.381519019
23867799.9999999	257851.161820635	-238630.902510171	231590.15096876	250824.90258166	-249163.725153906	249149.23285147
23981999.9999999	307104.187723689	-234260.100085888	234253.74946503	307097.849356578	-249154.034327987	249154.02207424
24096199.9999999	13051.3830249751	-233295.302077202	233295.032244045	13051.113718817	-249152.226662858	249152.226135859
24210399.9999999	55237.3540383758	-232270.887613706	232269.745406093	55236.2138371591	-249150.411670257	249150.409663861
24324599.9999999	100686.862954222	-231071.025000022	231068.943291025	100684.784597505	-249148.404164984	249148.400812705
24438799.9999999	146613.647519575	-229602.046205549	229599.01529913	146610.621173696	-249146.099675052	249146.095114512
24552999.9999999	191384.793911724	-227804.023585805	227800.067524719	191380.843470285	-249143.476329067	249143.470709421
24667199.9999999	231888.962767234	-225514.686237637	225509.893718157	231884.176401811	-249140.395504583	249140.389350525
24781399.9999999	243265.359870858	-229433.862950974	-264640.617814411	249178.29213186	-249145.738586115	-250841.674440272
24895599.9999999	238513.551006267	-232495.937639105	-256826.357795438	249163.422807098	-249150.773825008	-250821.393410365
25009799.9999999	234643.870346166	-234638.700317742	-249976.716111121	249154.782726054	-249154.772515276	-249971.556293474
25123999.9999999	233642.102200145	-233642.159263581	2759.4804904724	249152.864452046	-249152.864485986	2759.4234609758
25238199.9999999	232658.286183657	-232657.453248109	-40281.5139760319	249151.086604125	-249151.085153748	-40280.6824908604
25352399.9999999	231506.50183231	-231504.732210806	-85585.309149179	249149.118470136	-249149.115484876	-85583.5425129362
25466599.9999999	230132.245984746	-230129.515902059	-132052.840208388	249146.913781805	-249146.909493931	-132050.114413576
25580799.9999999	228441.710064451	-228438.047018407	-177205.173375571	249144.383900944	-249144.378629523	-177201.515600948
25694999.9999999	226323.947489648	-226319.421424502	-218983.036380628	249141.454517549	-249141.448484508	-218978.516348522
25809199.9999999	223548.824790061	-223543.471992713	-259034.317262138	249137.944572823	-249137.938181349	-259028.970856264
25923399.9999999	227559.031076154	266597.644930915	-243346.375196685	249143.01697212	250845.121962909	-249177.838124645
26037599.9999999	230592.864313394	258933.2107855	-238714.031324147	249147.608330665	250828.375317448	-249163.939873365
26151799.9999999	232649.695150169	253076.291168075	-234903.220910791	249151.030034519	250827.004047487	-249155.268674553
26265999.9999999	232839.401556918	142437.983401008	-232842.346975301	249151.406669325	142435.043220092	-249151.411906791
26380199.9999999	231748.609325625	73279.7165792611	-231750.124512721	249149.522518961	73278.2039499537	-249149.525076749
26494399.9999999	230456.44304448	117128.665960376	-230458.864627988	249147.42115701	117126.248220855	-249147.425000996
26608599.9999999	228868.210312771	163486.505333984	-228871.589921319	249145.004738597	163483.1307181	-249145.009731261
26722799.9999998	226911.959499168	205703.377221158	-226916.21126109	249142.244386055	205699.131257516	-249142.250184335
26836999.9999998	224394.941567235	245720.391450201	-224400.019599574	249138.980170832	245715.319688668	-249138.986441638
26951199.9999998	-265777.7760351	243322.125316041	-228354.002859617	-250843.706907617	249178.203767449	-249144.150438509
27065399.9999998	-258016.100121688	238619.031988321	-231413.600251436	-250825.428839668	249163.699378071	-249148.938923205
27179599.9999998	-315708.875266761	234166.880605014	-234160.352554105	-315702.359686231	249153.855254812	-249153.842784433
27293799.9999998	-15075.7065595309	233187.081451165	-233186.769795408	-15075.3954744364	249152.029896675	-249152.029326012
27407999.9999998	-56215.7575914938	232154.614602394	-232153.452223569	-56214.5971942981	249150.211864166	-249150.209882536
27522199.9999998	-102318.373404044	230935.910335109	-230933.794854865	-102316.261370294	249148.185545524	-249148.18209903
27636399.9999998	-147716.351333767	229450.882773232	-229447.829032418	-147713.302227239	249145.871486706	-249145.866852421
27750599.9999998	-192450.397148282	227633.843716456	-227629.865714333	-192446.424713183	249143.238019086	-249143.232452062
27864799.9999998	-232455.139610077	225311.712949684	-225306.908791996	-232450.341562817	249140.134766221	-249140.128655793
27978999.9999998	-243268.182671777	229243.578691589	264833.786504016	-249178.29883295	249145.451782037	250842.029574741
28093199.9999998	-238495.491151387	232297.008813675	257007.548409079	-249163.380542833	249150.427727789	250822.018886412
28207399.9999998	-234549.179509358	234543.790772183	260557.699537065	-249154.596467686	249154.585915494	260552.321352082
28321599.9999998	-233519.223625631	233519.295222834	-3461.29266339723	-249152.636283352	249152.636361998	-3461.22114484027
28435799.9999998	-232550.586174784	232549.704145081	42655.7206304147	-249150.897583194	249150.896046684	42654.8401372214
28549999.9999998	-231360.669533391	231358.918441028	84693.3774228596	-249148.876614356	249148.873746854	84691.6291979987
28664199.9999998	-229991.612541549	229988.848395544	133705.936645486	-249146.696865667	249146.692637307	133703.17672784
28778399.9999998	-228265.967266717	228262.314798047	176696.726786588	-249144.130514173	249144.125323986	176693.079508105
28892599.9999998	-226146.057870847	226141.515613532	219770.570429856	-249141.220073308	249141.214103633	219766.034142217
29006799.9999998	-223330.249599328	223324.896008866	259073.967450201	-249137.681312291	249137.674936789	259068.62023524
29120999.9999998	-227362.835377112	-266783.671662785	243336.12022191	-249142.741682864	-250845.428237324	249177.783102201
29235199.9999998	-230394.836318291	-259096.873948515	238679.415257093	-249147.294682949	-250828.851939181	249163.851612416
29349399.9999998	-232458.300232317	-253223.261823249	234865.387178686	-249150.696931462	-250820.66933165	249155.191386232
29463599.9999998	-232717.652952127	-149608.467896713	232720.746647348	-249151.190971093	-149605.379706368	249151.196475969
29577799.9999998	-231619.89451745	-73747.1234823374	231621.419413015	-249149.307201496	-73745.6012048851	249149.309819608
29691999.9999998	-230319.423323192	-117265.822928157	230321.847706029	-249147.205937842	-117263.40235761	249147.209750132
29806199.9999998	-228723.8452018	-163285.06971303	228727.220610772	-249144.793518704	-163281.699255112	249144.798469759
29920399.9999998	-226757.694578979	-205709.363603122	226761.946431947	-249142.03575673	-205705.117515628	249142.041522204
30034599.9999998	-224225.39832804	-245808.972986153	224230.478242974	-249138.770641638	-245803.899396564	249138.776966983
30148799.9999998	265916.150736454	-243303.739407343	228197.371381843	250843.946408657	-249178.089108376	249143.925410674
30262999.9999998	258136.799521553	-238586.1148965	231260.218337693	250825.828967717	-249163.6126217	249148.686616729
30377199.9999998	321145.527132485	-234080.337562906	234073.697572724	321138.899824445	-249153.689959009	249153.677276867
30491399.9999998	14121.9398361254	-233086.793896794	233086.501961339	14121.6484443748	-249151.848565305	249151.8480216
30605599.9999998	56498.6971906995	-232057.802582724	232056.634347971	56497.530953068	-249150.046540109	249150.044542987
30719799.9999998	101249.190512303	-230824.004249938	230821.910918213	101247.100548405	-249148.00530626	249148.001938434
30833999.9999998	148156.900033457	-229344.078768091	229341.015986097	148153.84183288	-249145.71143006	249145.706848643
30948199.9999998	191307.898784838	-227510.165596518	227506.211231354	191303.949932176	-249143.06545773	249143.059945227
31062399.9999998	232847.606840653	-225199.670224732	225194.857953608	232842.800689688	-249139.992582442	249139.986462283
31176599.9999998	243236.337796315	-229116.80716681	-264928.907109015	249178.090688875	-249145.267718326	-250842.199450059
31290799.9999998	238474.163510397	-232199.185684538	-257084.20192951	249163.317289085	-249150.262855963	-250822.278536774
31404999.9999998	234460.280150081	-234454.861205424	-262019.738895317	249154.42255393	-249154.411959246	-262014.330545345
31519199.9999998	233452.237584268	-233452.287159721	2396.13814376344	249152.513685378	-249152.513722123	2396.08860505558
31633399.9999998	232454.55464017	-232453.723169811	-40208.8491843475	249150.730079643	-249150.728594522	-40208.0191991091
31747599.9999998	231289.130776913	-231287.357470861	-85769.3482220247	249148.760042399	-249148.757171497	-85767.5777868747
31861799.9999998	229906.082326463	-229903.35683419	-131835.919850291	249146.564614913	-249146.560439812	-131833.19853312
31975999.9999998	228195.375211749	-228191.713841276	-177125.580529476	249144.030328661	-249144.025090104	-177121.92439756
32090199.9999998	226068.258518511	-226063.737718217	-218734.303962971	249141.117278175	-249141.111376389	-218729.789064463
32204399.9999998	223264.799543972	-223259.453525259	-258701.932651458	249137.603856001	-249137.597387289	-258696.593101457
32318599.9999998	227302.414703868	266832.116870055	-243324.090916604	249142.659537772	250845.503287147	-249177.7221676
32432799.9999998	230339.534127561	259126.589438222	-238653.767358519	249147.208116144	250828.9326758	-249163.78458468
32546999.9999998	232417.018004783	253229.027836502	-234830.439015707	249150.626150851	250820.102054169	-249155.121379442
32661199.9999998	232673.88396653	149313.66037432	-232676.971532836	249151.113776526	149310.578269042	-249151.119237553
32775399.9999998	231581.986212394	72565.4389097783	-231583.486659515	249149.244239472	72563.9410244937	-249149.246801309
32889599.9999998	230280.290237154	116464.244244206	-230282.698028223	249147.144619837	116461.840219262	-249147.148385963
33003799.9999998	228687.976365311	162297.074949193	-228691.331370681	249144.741298867	162293.72488425	-249144.746239295
33117999.9999998	226729.054369962	204910.423885809	-226733.289699791	249141.997263056	204906.194287244	-249142.002994319
33232199.9999998	224206.305854443	244794.824668027	-224211.364797587	249138.747231572	244789.772003539	-249138.753510228
33346399.9999998	-265932.066127183	243303.678910973	-228181.354696464	-250843.968653797	249178.129284712	-249143.902543589
33460599.9999998	-258130.35018966	238564.165515685	-231244.695682145	-250825.778848579	249163.559563013	-249148.661070553
33574799.9999998	-321180.376391354	234076.551749396	-234069.910903442	-321173.748216027	249153.682800519	-249153.670129892
33688999.9999998	-11624.4997846862	233060.995527617	-233060.755193044	-11624.2599428968	249151.801639396	-249151.801146613
33803199.9999998	-57396.7242380382	232053.267570345	-232052.08078963	-57395.5394633723	249150.038947104	-249150.036941055
33917399.9999998	-97946.1610892815	230799.59659357	-230797.57156729	-97944.1393058193	249147.965390261	-249147.962147443
34031599.9999998	-147816.902992274	229338.97864826	-229335.922838228	-147813.851808194	249145.704514107	-249145.699888156
34145799.9999998	-189356.348997995	227499.223247991	-227495.309269344	-189352.440426353	249143.049660589	-249143.044253583
34260000	-232062.791068825	225211.975603819	-225207.179582404	-232058.001109489	249140.008901007	-249140.002838928
