"Time [ns]"	"NodeVoltage(Ivca1) [mV]"	"NodeVoltage(Ivca2) [mV]"	"NodeVoltage(Ivcb1) [mV]"	"NodeVoltage(Ivcb2) [mV]"	"NodeVoltage(Ivcc1) [mV]"	"NodeVoltage(Ivcc2) [mV]"
114200	-1000	-1000	-1000	1000	1000	-1000
228400	-1000	-1000	-1000	1000	1000	-1000
342600	-1000	-1000	-1000	1000	1000	-1000
456800	-1000	-1000	-1000	1000	1000	-1000
571000	-1000	-1000	-1000	1000	1000	-1000
685200	-1000	-1000	-1000	1000	1000	-1000
799400	-1000	-1000	-1000	1000	1000	-1000
913600	-1000	-1000	-1000	1000	1000	-1000
1027800	-1000	-1000	-1000	1000	1000	-1000
1142000	-1000	-1000	-1000	1000	1000	-1000
1256200	1000	-1000	-1000	1000	-1000	-1000
1370400	1000	-1000	-1000	1000	-1000	-1000
1484600	1000	-1000	-1000	1000	-1000	-1000
1598800	1000	-1000	-1000	1000	-1000	-1000
1713000	1000	-1000	-1000	1000	-1000	-1000
1827200	1000	-1000	-1000	1000	-1000	-1000
1941400	1000	-1000	-1000	1000	-1000	-1000
2055600	1000	-1000	-1000	1000	-1000	-1000
2169800	1000	-1000	-1000	1000	-1000	-1000
2284000	1000	-1000	-1000	1000	-1000	-1000
2398200	1000	-1000	-1000	1000	-1000	-1000
2512400	1000	-1000	-1000	1000	-1000	-1000
2626600	1000	-1000	-1000	1000	-1000	-1000
2740800	1000	-1000	-1000	1000	-1000	-1000
2855000	1000	-1000	-1000	1000	-1000	-1000
2969200	1000	-1000	-1000	1000	-1000	-1000
3083400	1000	-1000	-1000	1000	-1000	-1000
3197600	1000	-1000	-1000	1000	-1000	-1000
3311800	1000	-1000	-1000	1000	-1000	-1000
3426000	1000	-1000	-1000	1000	-1000	-1000
3540200	1000	-1000	-1000	1000	-1000	-1000
3654400	1000	-1000	-1000	1000	-1000	-1000
3768600	1000	-1000	-1000	1000	-1000	-1000
3882800	1000	-1000	-1000	1000	-1000	-1000
3997000	1000	-1000	-1000	1000	-1000	-1000
4111200	1000	-1000	-1000	1000	-1000	-1000
4225400	1000	-1000	-1000	1000	-1000	-1000
4339600	1000	-1000	-1000	1000	-1000	-1000
4453800	1000	-1000	-1000	1000	-1000	-1000
4568000	1000	-1000	-1000	1000	-1000	-1000
4682200	1000	-1000	-1000	1000	-1000	-1000
4796400	1000	-1000	-1000	1000	-1000	-1000
4910600	1000	-1000	-1000	1000	-1000	-1000
5024800	1000	-1000	-1000	1000	-1000	-1000
5139000	1000	-1000	-1000	-1000	-1000	1000
5253200	1000	-1000	-1000	-1000	-1000	1000
5367400	1000	-1000	-1000	-1000	-1000	1000
5481600	1000	-1000	-1000	-1000	-1000	1000
5595800	1000	-1000	-1000	-1000	-1000	1000
5710000	1000	-1000	-1000	-1000	-1000	1000
5824200	1000	-1000	-1000	-1000	-1000	1000
5938400	1000	-1000	-1000	-1000	-1000	1000
6052600	1000	-1000	-1000	-1000	-1000	1000
6166800	1000	-1000	-1000	-1000	-1000	1000
6281000	1000	-1000	-1000	-1000	-1000	1000
6395200	1000	-1000	-1000	-1000	-1000	1000
6509400	1000	-1000	-1000	-1000	-1000	1000
6623600	1000	-1000	-1000	-1000	-1000	1000
6737800	1000	-1000	-1000	-1000	-1000	1000
6852000	-1000	-1000	1000	-1000	-1000	1000
6966200	-1000	-1000	1000	-1000	-1000	1000
7080400	-1000	-1000	1000	-1000	-1000	1000
7194600	-1000	-1000	1000	-1000	-1000	1000
7308800	-1000	-1000	1000	-1000	-1000	1000
7423000	-1000	-1000	1000	-1000	-1000	1000
7537200	-1000	-1000	1000	-1000	-1000	1000
7651400	-1000	-1000	1000	-1000	-1000	1000
7765600	-1000	-1000	1000	-1000	-1000	1000
7879800	-1000	-1000	1000	-1000	-1000	1000
7994000	-1000	-1000	1000	-1000	-1000	1000
8108200	-1000	-1000	1000	-1000	-1000	1000
8222400	-1000	1000	1000	-1000	-1000	-1000
8336600	-1000	1000	1000	-1000	-1000	-1000
8450800	-1000	1000	1000	-1000	-1000	-1000
8565000	-1000	1000	1000	-1000	-1000	-1000
8679200	-1000	1000	1000	-1000	-1000	-1000
8793400.00000001	-1000	1000	1000	-1000	-1000	-1000
8907600.00000001	-1000	1000	1000	-1000	-1000	-1000
9021800.00000001	-1000	1000	1000	-1000	-1000	-1000
9136000.00000001	-1000	1000	1000	-1000	-1000	-1000
9250200.00000001	-1000	1000	1000	-1000	-1000	-1000
9364400.00000001	-1000	1000	1000	-1000	-1000	-1000
9478600.00000001	-1000	1000	-1000	-1000	1000	-1000
9592800.00000001	-1000	1000	-1000	-1000	1000	-1000
9707000.00000001	-1000	1000	-1000	-1000	1000	-1000
9821200.00000001	-1000	1000	-1000	-1000	1000	-1000
9935400.00000001	-1000	1000	-1000	-1000	1000	-1000
10049600	-1000	1000	-1000	-1000	1000	-1000
10163800	-1000	1000	-1000	-1000	1000	-1000
10278000	-1000	1000	-1000	-1000	1000	-1000
10392200	-1000	1000	-1000	-1000	1000	-1000
10506400	-1000	1000	-1000	-1000	1000	-1000
10620600	-1000	1000	-1000	-1000	1000	-1000
10734800	-1000	-1000	-1000	1000	1000	-1000
10849000	-1000	-1000	-1000	1000	1000	-1000
10963200	-1000	-1000	-1000	1000	1000	-1000
11077400	-1000	-1000	-1000	1000	1000	-1000
11191600	-1000	-1000	-1000	1000	1000	-1000
11305800	-1000	-1000	-1000	1000	1000	-1000
11420000	-1000	-1000	-1000	1000	1000	-1000
11534200	-1000	-1000	-1000	1000	1000	-1000
11648400	-1000	-1000	-1000	1000	1000	-1000
11762600	-1000	-1000	-1000	1000	1000	-1000
11876800	1000	-1000	-1000	1000	-1000	-1000
11991000	1000	-1000	-1000	1000	-1000	-1000
12105200	1000	-1000	-1000	1000	-1000	-1000
12219400	1000	-1000	-1000	1000	-1000	-1000
12333600	1000	-1000	-1000	1000	-1000	-1000
12447800	1000	-1000	-1000	1000	-1000	-1000
12562000	1000	-1000	-1000	1000	-1000	-1000
12676200	1000	-1000	-1000	1000	-1000	-1000
12790400	1000	-1000	-1000	1000	-1000	-1000
12904600	1000	-1000	-1000	1000	-1000	-1000
13018800	1000	-1000	-1000	-1000	-1000	1000
13133000	1000	-1000	-1000	-1000	-1000	1000
13247200	1000	-1000	-1000	-1000	-1000	1000
13361400	1000	-1000	-1000	-1000	-1000	1000
13475600	1000	-1000	-1000	-1000	-1000	1000
13589800	1000	-1000	-1000	-1000	-1000	1000
13704000	1000	-1000	-1000	-1000	-1000	1000
13818200	1000	-1000	-1000	-1000	-1000	1000
13932400	1000	-1000	-1000	-1000	-1000	1000
14046600	-1000	-1000	1000	-1000	-1000	1000
14160800	-1000	-1000	1000	-1000	-1000	1000
14275000	-1000	-1000	1000	-1000	-1000	1000
14389200	-1000	-1000	1000	-1000	-1000	1000
14503400	-1000	-1000	1000	-1000	-1000	1000
14617600	-1000	-1000	1000	-1000	-1000	1000
14731800	-1000	-1000	1000	-1000	-1000	1000
14846000	-1000	-1000	1000	-1000	-1000	1000
14960200	-1000	-1000	1000	-1000	-1000	1000
15074400	-1000	-1000	1000	-1000	-1000	1000
15188600	-1000	1000	1000	-1000	-1000	-1000
15302800	-1000	1000	1000	-1000	-1000	-1000
15417000	-1000	1000	1000	-1000	-1000	-1000
15531200	-1000	1000	1000	-1000	-1000	-1000
15645400	-1000	1000	1000	-1000	-1000	-1000
15759600	-1000	1000	1000	-1000	-1000	-1000
15873800	-1000	1000	1000	-1000	-1000	-1000
15988000	-1000	1000	1000	-1000	-1000	-1000
16102200	-1000	1000	1000	-1000	-1000	-1000
16216400	-1000	1000	-1000	-1000	1000	-1000
16330600	-1000	1000	-1000	-1000	1000	-1000
16444800	-1000	1000	-1000	-1000	1000	-1000
16559000	-1000	1000	-1000	-1000	1000	-1000
16673200	-1000	1000	-1000	-1000	1000	-1000
16787400	-1000	1000	-1000	-1000	1000	-1000
16901600	-1000	1000	-1000	-1000	1000	-1000
17015800	-1000	1000	-1000	-1000	1000	-1000
17130000	-1000	1000	-1000	-1000	1000	-1000
17244200	-1000	-1000	-1000	1000	1000	-1000
17358400	-1000	-1000	-1000	1000	1000	-1000
17472600	-1000	-1000	-1000	1000	1000	-1000
17586800	-1000	-1000	-1000	1000	1000	-1000
17701000	-1000	-1000	-1000	1000	1000	-1000
17815200	-1000	-1000	-1000	1000	1000	-1000
17929400	-1000	-1000	-1000	1000	1000	-1000
18043600	-1000	-1000	-1000	1000	1000	-1000
18157800	-1000	-1000	-1000	1000	1000	-1000
18272000	-1000	-1000	-1000	1000	1000	-1000
18386200	1000	-1000	-1000	1000	-1000	-1000
18500400	1000	-1000	-1000	1000	-1000	-1000
18614600	1000	-1000	-1000	1000	-1000	-1000
18728800	1000	-1000	-1000	1000	-1000	-1000
18843000	1000	-1000	-1000	1000	-1000	-1000
18957200	1000	-1000	-1000	1000	-1000	-1000
19071400	1000	-1000	-1000	1000	-1000	-1000
19185600	1000	-1000	-1000	1000	-1000	-1000
19299800	1000	-1000	-1000	1000	-1000	-1000
19414000	1000	-1000	-1000	-1000	-1000	1000
19528200	1000	-1000	-1000	-1000	-1000	1000
19642400	1000	-1000	-1000	-1000	-1000	1000
19756600	1000	-1000	-1000	-1000	-1000	1000
19870799.9999999	1000	-1000	-1000	-1000	-1000	1000
19984999.9999999	1000	-1000	-1000	-1000	-1000	1000
20099199.9999999	1000	-1000	-1000	-1000	-1000	1000
20213399.9999999	1000	-1000	-1000	-1000	-1000	1000
20327599.9999999	1000	-1000	-1000	-1000	-1000	1000
20441799.9999999	-1000	-1000	1000	-1000	-1000	1000
20555999.9999999	-1000	-1000	1000	-1000	-1000	1000
20670199.9999999	-1000	-1000	1000	-1000	-1000	1000
20784399.9999999	-1000	-1000	1000	-1000	-1000	1000
20898599.9999999	-1000	-1000	1000	-1000	-1000	1000
21012799.9999999	-1000	-1000	1000	-1000	-1000	1000
21126999.9999999	-1000	-1000	1000	-1000	-1000	1000
21241199.9999999	-1000	-1000	1000	-1000	-1000	1000
21355399.9999999	-1000	-1000	1000	-1000	-1000	1000
21469599.9999999	-1000	-1000	1000	-1000	-1000	1000
21583799.9999999	-1000	1000	1000	-1000	-1000	-1000
21697999.9999999	-1000	1000	1000	-1000	-1000	-1000
21812199.9999999	-1000	1000	1000	-1000	-1000	-1000
21926399.9999999	-1000	1000	1000	-1000	-1000	-1000
22040599.9999999	-1000	1000	1000	-1000	-1000	-1000
22154799.9999999	-1000	1000	1000	-1000	-1000	-1000
22268999.9999999	-1000	1000	1000	-1000	-1000	-1000
22383199.9999999	-1000	1000	1000	-1000	-1000	-1000
22497399.9999999	-1000	1000	1000	-1000	-1000	-1000
22611599.9999999	-1000	1000	-1000	-1000	1000	-1000
22725799.9999999	-1000	1000	-1000	-1000	1000	-1000
22839999.9999999	-1000	1000	-1000	-1000	1000	-1000
22954199.9999999	-1000	1000	-1000	-1000	1000	-1000
23068399.9999999	-1000	1000	-1000	-1000	1000	-1000
23182599.9999999	-1000	1000	-1000	-1000	1000	-1000
23296799.9999999	-1000	1000	-1000	-1000	1000	-1000
23410999.9999999	-1000	1000	-1000	-1000	1000	-1000
23525199.9999999	-1000	1000	-1000	-1000	1000	-1000
23639399.9999999	-1000	-1000	-1000	1000	1000	-1000
23753599.9999999	-1000	-1000	-1000	1000	1000	-1000
23867799.9999999	-1000	-1000	-1000	1000	1000	-1000
23981999.9999999	-1000	-1000	-1000	1000	1000	-1000
24096199.9999999	-1000	-1000	-1000	1000	1000	-1000
24210399.9999999	-1000	-1000	-1000	1000	1000	-1000
24324599.9999999	-1000	-1000	-1000	1000	1000	-1000
24438799.9999999	-1000	-1000	-1000	1000	1000	-1000
24552999.9999999	-1000	-1000	-1000	1000	1000	-1000
24667199.9999999	1000	-1000	-1000	1000	-1000	-1000
24781399.9999999	1000	-1000	-1000	1000	-1000	-1000
24895599.9999999	1000	-1000	-1000	1000	-1000	-1000
25009799.9999999	1000	-1000	-1000	1000	-1000	-1000
25123999.9999999	1000	-1000	-1000	1000	-1000	-1000
25238199.9999999	1000	-1000	-1000	1000	-1000	-1000
25352399.9999999	1000	-1000	-1000	1000	-1000	-1000
25466599.9999999	1000	-1000	-1000	1000	-1000	-1000
25580799.9999999	1000	-1000	-1000	1000	-1000	-1000
25694999.9999999	1000	-1000	-1000	1000	-1000	-1000
25809199.9999999	1000	-1000	-1000	-1000	-1000	1000
25923399.9999999	1000	-1000	-1000	-1000	-1000	1000
26037599.9999999	1000	-1000	-1000	-1000	-1000	1000
26151799.9999999	1000	-1000	-1000	-1000	-1000	1000
26265999.9999999	1000	-1000	-1000	-1000	-1000	1000
26380199.9999999	1000	-1000	-1000	-1000	-1000	1000
26494399.9999999	1000	-1000	-1000	-1000	-1000	1000
26608599.9999999	1000	-1000	-1000	-1000	-1000	1000
26722799.9999998	1000	-1000	-1000	-1000	-1000	1000
26836999.9999998	-1000	-1000	1000	-1000	-1000	1000
26951199.9999998	-1000	-1000	1000	-1000	-1000	1000
27065399.9999998	-1000	-1000	1000	-1000	-1000	1000
27179599.9999998	-1000	-1000	1000	-1000	-1000	1000
27293799.9999998	-1000	-1000	1000	-1000	-1000	1000
27407999.9999998	-1000	-1000	1000	-1000	-1000	1000
27522199.9999998	-1000	-1000	1000	-1000	-1000	1000
27636399.9999998	-1000	-1000	1000	-1000	-1000	1000
27750599.9999998	-1000	-1000	1000	-1000	-1000	1000
27864799.9999998	-1000	1000	1000	-1000	-1000	-1000
27978999.9999998	-1000	1000	1000	-1000	-1000	-1000
28093199.9999998	-1000	1000	1000	-1000	-1000	-1000
28207399.9999998	-1000	1000	1000	-1000	-1000	-1000
28321599.9999998	-1000	1000	1000	-1000	-1000	-1000
28435799.9999998	-1000	1000	1000	-1000	-1000	-1000
28549999.9999998	-1000	1000	1000	-1000	-1000	-1000
28664199.9999998	-1000	1000	1000	-1000	-1000	-1000
28778399.9999998	-1000	1000	1000	-1000	-1000	-1000
28892599.9999998	-1000	1000	1000	-1000	-1000	-1000
29006799.9999998	-1000	1000	-1000	-1000	1000	-1000
29120999.9999998	-1000	1000	-1000	-1000	1000	-1000
29235199.9999998	-1000	1000	-1000	-1000	1000	-1000
29349399.9999998	-1000	1000	-1000	-1000	1000	-1000
29463599.9999998	-1000	1000	-1000	-1000	1000	-1000
29577799.9999998	-1000	1000	-1000	-1000	1000	-1000
29691999.9999998	-1000	1000	-1000	-1000	1000	-1000
29806199.9999998	-1000	1000	-1000	-1000	1000	-1000
29920399.9999998	-1000	1000	-1000	-1000	1000	-1000
30034599.9999998	-1000	-1000	-1000	1000	1000	-1000
30148799.9999998	-1000	-1000	-1000	1000	1000	-1000
30262999.9999998	-1000	-1000	-1000	1000	1000	-1000
30377199.9999998	-1000	-1000	-1000	1000	1000	-1000
30491399.9999998	-1000	-1000	-1000	1000	1000	-1000
30605599.9999998	-1000	-1000	-1000	1000	1000	-1000
30719799.9999998	-1000	-1000	-1000	1000	1000	-1000
30833999.9999998	-1000	-1000	-1000	1000	1000	-1000
30948199.9999998	-1000	-1000	-1000	1000	1000	-1000
31062399.9999998	1000	-1000	-1000	1000	-1000	-1000
31176599.9999998	1000	-1000	-1000	1000	-1000	-1000
31290799.9999998	1000	-1000	-1000	1000	-1000	-1000
31404999.9999998	1000	-1000	-1000	1000	-1000	-1000
31519199.9999998	1000	-1000	-1000	1000	-1000	-1000
31633399.9999998	1000	-1000	-1000	1000	-1000	-1000
31747599.9999998	1000	-1000	-1000	1000	-1000	-1000
31861799.9999998	1000	-1000	-1000	1000	-1000	-1000
31975999.9999998	1000	-1000	-1000	1000	-1000	-1000
32090199.9999998	1000	-1000	-1000	1000	-1000	-1000
32204399.9999998	1000	-1000	-1000	-1000	-1000	1000
32318599.9999998	1000	-1000	-1000	-1000	-1000	1000
32432799.9999998	1000	-1000	-1000	-1000	-1000	1000
32546999.9999998	1000	-1000	-1000	-1000	-1000	1000
32661199.9999998	1000	-1000	-1000	-1000	-1000	1000
32775399.9999998	1000	-1000	-1000	-1000	-1000	1000
32889599.9999998	1000	-1000	-1000	-1000	-1000	1000
33003799.9999998	1000	-1000	-1000	-1000	-1000	1000
33117999.9999998	1000	-1000	-1000	-1000	-1000	1000
33232199.9999998	-1000	-1000	1000	-1000	-1000	1000
33346399.9999998	-1000	-1000	1000	-1000	-1000	1000
33460599.9999998	-1000	-1000	1000	-1000	-1000	1000
33574799.9999998	-1000	-1000	1000	-1000	-1000	1000
33688999.9999998	-1000	-1000	1000	-1000	-1000	1000
33803199.9999998	-1000	-1000	1000	-1000	-1000	1000
33917399.9999998	-1000	-1000	1000	-1000	-1000	1000
34031599.9999998	-1000	-1000	1000	-1000	-1000	1000
34145799.9999998	-1000	-1000	1000	-1000	-1000	1000
34260000	-1000	1000	1000	-1000	-1000	-1000
