"Time [ms]"	"FL_a [Wb]"	"FL_c [Wb]"	"FL_b [Wb]"
0	-0.190452760667635	0.229707145615807	-0.0257498736195829
0.1142	-0.190492544650898	0.229677583881058	-0.0257036854988375
0.2284	-0.190632181402694	0.258029707639502	-0.052480991937058
0.3426	-0.190551688906094	0.28238205317679	-0.0814779538159202
0.4568	-0.190309337001373	0.303837291784865	-0.111522329017781
0.571	-0.189898789813484	0.32121823496648	-0.143628987762487
0.6852	-0.188876362350885	0.334185858226355	-0.177907119192153
0.7994	-0.187618592016004	0.343008077557713	-0.213835673864338
0.9136	-0.186050678156216	0.349154878223145	-0.249626324299401
1.0278	-0.184049799855832	0.35508016186521	-0.282216951408194
1.142	-0.181156019181575	0.362185839280605	-0.309007611366055
1.2562	-0.177713055004932	0.370236425047901	-0.329207538162022
1.3704	-0.122898161372353	0.359135230515045	-0.317570397005879
1.4846	-0.0707717109318756	0.349700689488304	-0.308525984402747
1.5988	-0.0220898028798172	0.340408474332461	-0.30222888907791
1.713	0.0198477814832266	0.326937632626585	-0.301656915089779
1.8272	0.0578713916457009	0.311654118855828	-0.303881203885286
1.9414	0.0931249524701087	0.295408319161209	-0.307701544607538
2.0556	0.126368977412387	0.278766829175482	-0.312327452171316
2.1698	0.158321437980919	0.262335447023445	-0.317021066952548
2.284	0.189184758871176	0.246266659585751	-0.321526072843292
2.3982	0.218245326216265	0.233248475356554	-0.326378102580784
2.5124	0.244100055854221	0.233299076127679	-0.332532470882484
2.6266	0.267371865841939	0.233683380869111	-0.338844273565463
2.7408	0.286756828917817	0.233531356299102	-0.345943953346735
2.855	0.302350206708045	0.233112670999781	-0.353307133255665
2.9692	0.315296815898629	0.233057338810077	-0.359925339271405
3.0834	0.325627886767089	0.233669687006508	-0.365945012936402
3.1976	0.333453236142902	0.234919540380144	-0.371444127670362
3.3118	0.339560048937142	0.236211057202017	-0.376128276099056
3.426	0.344455559785424	0.237300542742908	-0.38000642270975
3.5402	0.348429050960497	0.238036969882717	-0.383229490890256
3.6544	0.351674131898855	0.238594736908945	-0.38592341811453
3.7686	0.354464913356153	0.238539436763832	-0.388175271438538
3.8828	0.356888894777899	0.237949984323639	-0.390124609654936
3.997	0.359066457392245	0.236667338399337	-0.391847698001405
4.1112	0.361058977512704	0.234521421523654	-0.393412182544616
4.2254	0.362906767671238	0.2316997826064	-0.394855613532562
4.3396	0.364716097133144	0.227962758251391	-0.396174113752326
4.4538	0.366490541316975	0.223320601061071	-0.397410841347227
4.568	0.368264021450544	0.217704752730315	-0.398572812435991
4.6822	0.370083842436982	0.21106740877561	-0.399659056112639
4.7964	0.371918009447707	0.203646669546348	-0.400693893173539
4.9106	0.373808010113346	0.195208946956921	-0.401650125600196
5.0248	0.375743692517776	0.185930073665315	-0.402534154941378
5.139	0.377728487287876	0.175771653809317	-0.403337001407681
5.2532	0.358886041618473	0.121459337713593	-0.383044820570448
5.3674	0.345178261867983	0.068883626540595	-0.368097382148768
5.4816	0.335435997195696	0.0184654562184149	-0.356524713070735
5.5958	0.329057449161269	-0.0292608732042474	-0.346457324845645
5.71	0.327638717873512	-0.0719983945954658	-0.334172171299735
5.8242	0.330108385907902	-0.110393320901081	-0.319498938982124
5.9384	0.33471270134624	-0.145932145003074	-0.303425547218479
6.0526	0.339331304121805	-0.180557970796789	-0.28772019278761
6.1668	0.344063832732435	-0.213999821262081	-0.271994109482706
6.281	0.348969540952252	-0.24596505100219	-0.255903871022519
6.3952	0.354422411637614	-0.27546014446155	-0.238687344731432
6.5094	0.360702537231804	-0.301298069858241	-0.219573250654237
6.6236	0.368067134250928	-0.322091745057233	-0.200060519854827
6.7378	0.375302342929072	-0.338806574847257	-0.1854892659171
6.852	0.382349805744294	-0.351230265651986	-0.171710973013754
6.9662	0.368149164061513	-0.337914059006154	-0.117031687347755
7.0804	0.357709773195573	-0.327613716661748	-0.0637789001074343
7.1946	0.348444151297276	-0.320995390221882	-0.0135164061557678
7.3088	0.337236536238662	-0.319237456823799	0.0319627464257722
7.423	0.323387141192862	-0.32187269602687	0.0727888233198469
7.5372	0.30674191394926	-0.328151248494217	0.109436277802746
7.6514	0.290104971840449	-0.334864018810145	0.144955381821457
7.7656	0.273885631429784	-0.341221926016689	0.179941579197173
7.8798	0.258047640065596	-0.346923958982496	0.214448085574833
7.994	0.242037931864032	-0.352278228258863	0.24793110054182
8.1082	0.224936575440567	-0.357811913203352	0.279227454665579
8.2224	0.20568630059175	-0.364061958238833	0.30676540346868
8.3366	0.148571176202147	-0.35573690589107	0.297008177265621
8.4508	0.0937517110393632	-0.348834890036348	0.289567378276868
8.565	0.0436868746218957	-0.340129885211003	0.286819799839088
8.6792	-0.000178890451043703	-0.327350134456021	0.290051912922993
8.79340000000001	-0.0385585659850352	-0.310522580857601	0.298415964577187
8.90760000000001	-0.074665521038855	-0.292593332179298	0.308605189575453
9.02180000000001	-0.109479396466834	-0.274306164814321	0.319518271637494
9.13600000000001	-0.14386769318098	-0.256339900294793	0.330145220423289
9.25020000000001	-0.178707809218126	-0.239448727008008	0.339421127456357
9.36440000000001	-0.214435755866939	-0.224048394029685	0.346547878934735
9.47860000000001	-0.249910532628707	-0.209031652702036	0.352375849929975
9.59280000000001	-0.243920964925471	-0.152758767822606	0.345915895084639
9.70700000000001	-0.241892945043875	-0.100783110670118	0.338096970470809
9.82120000000001	-0.246524600991682	-0.0556950625459973	0.325450403437601
9.93540000000001	-0.256594769232474	-0.0163281337143399	0.308601600927361
10.0496	-0.269189988215849	0.0202300659792062	0.290128487703726
10.1638	-0.283584181281137	0.0546311208917813	0.270465190976389
10.278	-0.298834932133021	0.0877386957571786	0.250253451442879
10.3922	-0.312357569723373	0.122061117151414	0.226647939972785
10.5064	-0.326643238019548	0.154865147323468	0.210928022547693
10.6206	-0.3377894201931	0.189858156618336	0.193051806089653
10.7348	-0.345949185112194	0.226472316689931	0.178398364746991
10.849	-0.338235296190928	0.224623815313963	0.125667523818947
10.9632	-0.326220510623206	0.228992166132796	0.0793204624097651
11.0774	-0.309794251708158	0.239103696702093	0.0389550614195243
11.1916	-0.291457795440863	0.252088124050612	0.00172137363763388
11.3058	-0.271630262719847	0.267231657216602	-0.0330707057645726
11.42	-0.250795313049764	0.283785496281861	-0.0661086507660229
11.5342	-0.228408519772776	0.30002211485344	-0.0990535204011548
11.6484	-0.21234683180573	0.316640937911431	-0.130996568768104
11.7626	-0.194117136586693	0.330151032777974	-0.165255383303709
11.8768	-0.174184294190741	0.340194719671301	-0.201957076126172
11.991	-0.124530534720884	0.330185312614	-0.203949819116973
12.1052	-0.0805341190398736	0.316335953826954	-0.211427733345737
12.2194	-0.0413352489735284	0.299106212823669	-0.223481275914603
12.3336	-0.00499300972090825	0.280116371368259	-0.238161183441253
12.4478	0.028998035497591	0.259623864437758	-0.25492957126536
12.562	0.0611279932475343	0.239159310074276	-0.273246315398991
12.6762	0.0902589052222478	0.22537996626908	-0.294145818571364
12.7904	0.121883024025856	0.208468135181421	-0.312007672105061
12.9046	0.156037881213099	0.189510975802003	-0.326604322826756
13.0188	0.192118541081668	0.172691403091719	-0.338251776886795
13.133	0.195832903907622	0.124095082332929	-0.327352720865631
13.2472	0.20508560220597	0.0812038347559364	-0.312424309888749
13.3614	0.218240613152482	0.0424245656977726	-0.294702682787789
13.4756	0.234094558862232	0.00656557801064843	-0.275067054910914
13.5898	0.251889344767482	-0.0270958222671854	-0.254004088200575
13.704	0.271397785307545	-0.0587264955529808	-0.23434598775411
13.8182	0.292400230583756	-0.0884558766204891	-0.218928865461834
13.9324	0.310776881613258	-0.120279349758574	-0.200937510124398
14.0466	0.325553326250131	-0.154986316581767	-0.180856938537136
14.1608	0.312640201827682	-0.16211651986823	-0.134991832506922
14.275	0.297345698967203	-0.173007881041207	-0.0930663447902612
14.3892	0.279747985429258	-0.187266487912771	-0.0547059894819018
14.5034	0.25672052639492	-0.202914586264575	-0.0179348902817397
14.6176	0.25036874352297	-0.228531345571963	0.00861434858544883
14.7318	0.240261757864746	-0.252942940828595	0.036069625901883
14.846	0.226512257461283	-0.275610620216248	0.0649157595783575
14.9602	0.209594382147573	-0.29617358859173	0.0954288834419689
15.0744	0.190203507282485	-0.313843604761876	0.128267264825963
15.1886	0.169286637535415	-0.32787019874646	0.163979787518644
15.3028	0.123942801411216	-0.314487501496234	0.171778163141939
15.417	0.0827774720773103	-0.298405546236389	0.183579987661851
15.5312	0.0450939689800307	-0.280018503591711	0.198667851517708
15.6454	0.00756116463089217	-0.253706804502277	0.21371157164972
15.7596	-0.0196316753305346	-0.244924715799896	0.238826025565739
15.8738	-0.0479066002850231	-0.232381456005209	0.262544366606253
15.988	-0.0777063333413624	-0.2165915437034	0.28434535028916
16.1022	-0.109386872995106	-0.197901703683029	0.303786730380997
16.2164	-0.143778136516705	-0.177432888671026	0.319853258724153
16.3306	-0.152697795895293	-0.132861981162858	0.305972852987628
16.4448	-0.164762549183161	-0.091619209781923	0.290233679484235
16.559	-0.180222364058346	-0.0539592941226693	0.272071119472061
16.6732	-0.200220405528571	-0.0210487481276883	0.255720568257092
16.7874	-0.226107230800891	0.00573089886177606	0.248289342245821
16.9016	-0.250728701426042	0.0334825838989985	0.237273946630959
17.0158	-0.273534165259124	0.0626980269654884	0.222429133857443
17.13	-0.294195625702229	0.0936184578462991	0.204686267654147
17.2442	-0.31212284899582	0.126709303807543	0.184575747904052
17.3584	-0.297997423983117	0.136365609433232	0.140484391721252
17.4726	-0.282458497645229	0.148707616206101	0.0992625168533945
17.5868	-0.264495393628567	0.164272748529066	0.0614565495987762
17.701	-0.256943668827672	0.188446495096895	0.0324771186688523
17.8152	-0.251162473782446	0.214903629754998	0.00600931922414224
17.9294	-0.241355724241607	0.240228740620539	-0.0213170311816888
18.0436	-0.227686925909913	0.263873800564544	-0.0499975432218398
18.1578	-0.210798779709509	0.285486992929458	-0.0803042945374763
18.272	-0.19130953483325	0.304642071818463	-0.112561803495742
18.3862	-0.17024651392051	0.320366649519855	-0.147563197439104
18.5004	-0.126145651986476	0.306092234605696	-0.157087492922694
18.6146	-0.0854556249387144	0.289818061833089	-0.169843403288648
18.7288	-0.0482603467832672	0.271155743825172	-0.185900298749369
18.843	-0.0154000472218553	0.2537767638535	-0.206082528524762
18.9572	0.0117414053984035	0.244932334228583	-0.231729536086627
19.0714	0.0399660920908745	0.232460452541626	-0.255987516632305
19.1856	0.0697454532497999	0.216425980002902	-0.278315605306696
19.2998	0.101339223187426	0.197687472566177	-0.298360075914482
19.414	0.135300530136939	0.176970213558371	-0.315422844676001
19.5282	0.145150148069219	0.133057602975425	-0.301094444150119
19.6424	0.1578653122902	0.0921916434077743	-0.285139488928141
19.7566	0.173892469415408	0.0548316355560528	-0.266792515814054
19.8707999999999	0.196790973233562	0.0245555757401724	-0.255475325108147
19.9849999999999	0.222907839478559	-0.00226205474094388	-0.248025650054795
20.0991999999999	0.247752504043539	-0.0300643240134006	-0.236702231256735
20.2133999999999	0.270791495872264	-0.0593227148548455	-0.221675265571408
20.3275999999999	0.291687888313449	-0.0902882744850471	-0.203755356205607
20.4417999999999	0.309920447645678	-0.123363261883636	-0.183483782192256
20.5559999999999	0.295635314055954	-0.133431903471858	-0.139662508940023
20.6701999999999	0.279945356163206	-0.146147242332966	-0.0986720770630513
20.7843999999999	0.258307593226532	-0.16039859193997	-0.0594119714846049
20.8985999999999	0.256656501482483	-0.187598396614301	-0.0333210365999762
21.0127999999999	0.250647510259266	-0.214166073027185	-0.00682845816711154
21.1269999999999	0.240592539868469	-0.23954008644533	0.0205857434578443
21.2411999999999	0.226672070478659	-0.263245982336172	0.0493395160244183
21.3553999999999	0.209578979165141	-0.284887303241104	0.0797514087455041
21.4695999999999	0.189943362374704	-0.304071988191338	0.112108387829789
21.5837999999999	0.168756728286388	-0.319868979281676	0.147165489787778
21.6979999999999	0.124862357994282	-0.305428888379506	0.156961086663845
21.8121999999999	0.0843242566082713	-0.28902844756424	0.169929464341765
21.9263999999999	0.0472896537366603	-0.270209147940857	0.186208911176335
22.0405999999999	0.0147470267486767	-0.25331447313867	0.206765433642701
22.1547999999999	-0.0124963241243794	-0.24406193521542	0.232368806786857
22.2689999999999	-0.0407939564255278	-0.231446673546497	0.256604110531809
22.3831999999999	-0.0707144070573667	-0.215050829346963	0.278843184466546
22.4973999999999	-0.102400712112083	-0.19628193623569	0.298833942032606
22.6115999999999	-0.136564998322621	-0.175416644936808	0.315729377188121
22.7257999999999	-0.146481243133481	-0.13155769381405	0.301356421720076
22.8399999999999	-0.159343451271185	-0.0908218653210307	0.2852662954443
22.9541999999999	-0.175443676778804	-0.0535235453274439	0.266848778138933
23.0683999999999	-0.198243264691996	-0.0231345210133103	0.254998227951556
23.1825999999999	-0.224316467733247	0.0037351352395486	0.247349084199678
23.2967999999999	-0.249057172843214	0.0316477066159056	0.235719305412615
23.4109999999999	-0.271994054732119	0.0610077047345907	0.220491437624905
23.5251999999999	-0.292742317881583	0.0921149630494095	0.202375612373287
23.6393999999999	-0.310819155577074	0.125328822892915	0.181995523791818
23.7535999999999	-0.296471412991187	0.135439879890789	0.138223896109701
23.8677999999999	-0.280719220290976	0.148193065151716	0.0972778370651393
23.9819999999999	-0.258387692360544	0.162205073033012	0.0577855633281734
24.0961999999999	-0.256393856558797	0.189350733575577	0.0316466076933634
24.2103999999999	-0.250107374604064	0.215854314624503	0.00509964845568704
24.3245999999999	-0.239728978707242	0.241122344095788	-0.022408706452985
24.4387999999999	-0.225611646974583	0.264716604828872	-0.0512552069465734
24.5529999999999	-0.208282028963934	0.286204847086125	-0.0817969518849977
24.6671999999999	-0.188535787691668	0.305222598672987	-0.114286207331306
24.7813999999999	-0.144692670393876	0.291062853317669	-0.124425341280744
24.8955999999999	-0.103602455683913	0.275585250444802	-0.137124410171265
25.0097999999999	-0.0660014066764327	0.257842628479632	-0.153115430732608
25.1239999999999	-0.0400769296556177	0.257400310104994	-0.180554816366434
25.2381999999999	-0.013754164267533	0.252553350317797	-0.207371108417125
25.3523999999999	0.013369856767288	0.243465486537539	-0.233122970314784
25.4665999999999	0.0417567050555024	0.230490797980833	-0.257298015239801
25.5807999999999	0.0717355186903522	0.214144737528565	-0.279494869858635
25.6949999999999	0.103542510765436	0.195097672049971	-0.299379750508516
25.8091999999999	0.137813417721068	0.174257584178643	-0.31616678384636
25.9233999999999	0.147759258374073	0.130426027430593	-0.301762733495863
26.0375999999999	0.160656167938724	0.0897280895152395	-0.28562935636229
26.1517999999999	0.176839976174997	0.0525173547372964	-0.267112830860832
26.2659999999999	0.199447548498815	0.0219440713812602	-0.25482910048789
26.3801999999999	0.22546737662872	-0.00496765589381638	-0.24690641991027
26.4943999999999	0.250136593040096	-0.0329349676208142	-0.235179235644031
26.6085999999999	0.272989901038049	-0.0623555448088483	-0.219792518353927
26.7227999999998	0.293617244327066	-0.0935553786222156	-0.201587195162673
26.8369999999998	0.311569844262847	-0.126855163245174	-0.181199228843769
26.9511999999998	0.297203772769779	-0.136947439843046	-0.137426091602345
27.0653999999998	0.281420426658865	-0.149692780467283	-0.0964937056266592
27.1795999999998	0.258425837070721	-0.163374528761653	-0.0566924838907866
27.2937999999998	0.256228857170164	-0.190479792083774	-0.0305378533982912
27.4079999999998	0.249861744128746	-0.216938989852236	-0.00397306993594008
27.5221999999998	0.239343945452166	-0.24214466965851	0.0235667705830965
27.6363999999998	0.22516993902324	-0.265652410840681	0.0524652622864418
27.7505999999998	0.207790373469853	-0.287049471704262	0.083059317038927
27.8647999999998	0.188047568044258	-0.305975949170468	0.115593486180107
27.9789999999998	0.144195298324082	-0.291802974009221	0.125702059608077
28.0931999999998	0.103087375074597	-0.27632445014015	0.13835863985791
28.2073999999998	0.065135350865195	-0.257735268757286	0.153977032860056
28.3215999999998	0.0392306566040467	-0.257367347299468	0.181408137453056
28.4357999999998	0.0128906340938222	-0.252278809567314	0.208182568106339
28.5499999999998	-0.0142345463507542	-0.24331061784887	0.233899964608338
28.6641999999998	-0.0426621761131026	-0.23020398749388	0.258002103484386
28.7783999999998	-0.0726386597658316	-0.213933731478871	0.280161149651028
28.8925999999998	-0.104502780359732	-0.19487417311111	0.299948269958035
29.0067999999998	-0.13880513347374	-0.17408596464032	0.316653934465297
29.1209999999998	-0.148693302538823	-0.130220312976804	0.302263905898697
29.2351999999998	-0.161527276525731	-0.0894860074350641	0.286152159211781
29.3493999999998	-0.177684521308692	-0.0522748871178151	0.267623555812637
29.4635999999998	-0.19997621670137	-0.0214135172788634	0.254822929350656
29.5777999999998	-0.225964120628488	0.00550073684968727	0.246864095880557
29.6919999999998	-0.250597758727211	0.0334723319006229	0.235141178945069
29.8061999999998	-0.273407656619046	0.0629033457219844	0.219804389211451
29.9203999999998	-0.294011785747853	0.0940911595956295	0.201603979479092
30.0345999999998	-0.31190616853605	0.127410437918187	0.181244752471283
30.1487999999998	-0.297564829940939	0.137444291911002	0.137433179612257
30.2629999999998	-0.281786340749748	0.150153475530997	0.0964859119751506
30.3771999999998	-0.258416711078304	0.163579502266717	0.0564487479002208
30.4913999999998	-0.256305748504439	0.190696217835281	0.0303284730810581
30.6055999999998	-0.249918392488451	0.21713229027463	0.00376267682427491
30.7197999999998	-0.239518066960634	0.242329820472802	-0.0237597564899731
30.8339999999998	-0.225302425725466	0.265816687749759	-0.0526547270299819
30.9481999999998	-0.208028149233046	0.287224811523571	-0.0832094734888993
31.0623999999998	-0.188255927628633	0.306123089205083	-0.115746250926523
31.1765999999998	-0.144387743971905	0.291958801894469	-0.125820796419831
31.2907999999998	-0.103245826266853	0.276507954265829	-0.138429775196275
31.4049999999998	-0.065199017710466	0.257856744652106	-0.153933075774545
31.5191999999998	-0.0392766454194928	0.257392510388623	-0.181331200212709
31.6333999999998	-0.0129714845993515	0.252559510493857	-0.208118564719067
31.7475999999998	0.0141440324672081	0.243466949256299	-0.233829282612865
31.8617999999998	0.042543410450981	0.230555390590231	-0.257940142577151
31.9759999999998	0.0724997768086532	0.214224103802442	-0.280103181789772
32.0901999999998	0.10432197821892	0.19524985258078	-0.299914454340881
32.2043999999998	0.138593371214956	0.174480644757411	-0.316636131052705
32.3185999999998	0.148443259421145	0.130584986017358	-0.302271950863527
32.4327999999998	0.161252078064325	0.089834769629631	-0.286175650505082
32.5469999999998	0.17734933656665	0.0525723685378992	-0.267701660482273
32.6611999999998	0.199653695840756	0.0217336601105181	-0.254917038745833
32.7753999999998	0.225640966479075	-0.00517256625906103	-0.247089457815384
32.8895999999998	0.250307826532424	-0.0331019994673699	-0.235420390216175
33.0037999999998	0.273138465097386	-0.062504077846138	-0.220171592593198
33.1179999999998	0.293765621949902	-0.0936623206862185	-0.202036123341729
33.2321999999998	0.311713811423349	-0.126923429200143	-0.181736725018621
33.3463999999998	0.297368905238762	-0.136957204139089	-0.137926909120096
33.4605999999998	0.281645612503382	-0.149610155127289	-0.0969276881584723
33.5747999999998	0.258270050709245	-0.163037701762719	-0.0568929087621908
33.6889999999998	0.256413077500997	-0.190182695338593	-0.0308067984104202
33.8031999999998	0.249941678673017	-0.216599735884794	-0.00422300817141437
33.9173999999998	0.239840217510891	-0.241872828123527	0.0232182961959073
34.0315999999998	0.225653113516215	-0.265369404184631	0.0521023938806371
34.1457999999998	0.208537496623183	-0.28684049034067	0.0825916833362025
34.26	0.188816998976013	-0.305778077156028	0.115091964048569
