"Time [ms]"	"efficiency []"
0.1142	-1.71940901910711
0.2284	-0.0759914361280694
0.3426	-0.0776031259611325
0.4568	-0.0587501074694356
0.571	-0.0371342388547358
0.6852	-0.0179418618316163
0.7994	-0.00202734905551376
0.9136	0.0102325670721129
1.0278	0.0184989633485135
1.142	0.022164198042585
1.2562	0.0228167569324128
1.3704	0.0478318731581279
1.4846	0.0832126471491857
1.5988	0.119846756617094
1.713	0.145716705975426
1.8272	0.162035791990987
1.9414	0.171806672135331
2.0556	0.177655306576436
2.1698	0.181048470585546
2.284	0.182291952263039
2.3982	0.181302340414661
2.5124	0.177204965427364
2.6266	0.168969019665029
2.7408	0.156599629423039
2.855	0.143618012158425
2.9692	0.134043710624544
3.0834	0.127011092604796
3.1976	0.121646070832906
3.3118	0.11868967567019
3.426	0.11779108696769
3.5402	0.118203607232341
3.6544	0.1195463830089
3.7686	0.121598725607667
3.8828	0.124061926642666
3.997	0.12669942186949
4.1112	0.12932032341424
4.2254	0.131739754599537
4.3396	0.133854651003229
4.4538	0.13554475602292
4.568	0.136672172408851
4.6822	0.137055003077291
4.7964	0.136799814632706
4.9106	0.135651879570411
5.0248	0.133585539542708
5.139	0.130578809114653
5.2532	0.211145009937396
5.3674	0.315225925291168
5.4816	0.425160949911619
5.5958	0.509435180308982
5.71	0.552758112147998
5.8242	0.566133301221969
5.9384	0.563082406540128
6.0526	0.552710838880132
6.1668	0.537014262101451
6.281	0.516029776882061
6.3952	0.482347184305685
6.5094	0.433107810730805
6.6236	0.370555487929951
6.7378	0.31243432033665
6.852	0.259005141460794
6.9662	0.371464736484057
7.0804	0.4799083909195
7.1946	0.570243188326937
7.3088	0.622786876625881
7.423	0.644586838602593
7.5372	0.645138390201157
7.6514	0.636809639118044
7.7656	0.620596716716292
7.8798	0.595982775735793
7.994	0.563956245126705
8.1082	0.516588626365791
8.2224	0.449769751819924
8.3366	0.548338534547213
8.4508	0.627777975582833
8.565	0.688336190181421
8.6792	0.720419550316913
8.79340000000001	0.731099701048917
8.90760000000001	0.731100602285782
9.02180000000001	0.723496255065379
9.13600000000001	0.708781170641608
9.25020000000001	0.685498765186816
9.36440000000001	0.649209514386657
9.47860000000001	0.601099191408992
9.59280000000001	0.676332538750782
9.70700000000001	0.735174946202312
9.82120000000001	0.771689656334524
9.93540000000001	0.788544894291061
10.0496	0.79515033377113
10.1638	0.794990089429023
10.278	0.789511523551612
10.3922	0.779803094810323
10.5064	0.76090536608818
10.6206	0.732437814131273
10.7348	0.685867907409221
10.849	0.745154060163038
10.9632	0.785975867657659
11.0774	0.806756836578656
11.1916	0.816184629022256
11.3058	0.818229410904792
11.42	0.815542290575532
11.5342	0.808925011017348
11.6484	0.793180374548224
11.7626	0.768689690387483
11.8768	0.734533948047688
11.991	0.783069791794336
12.1052	0.815330289849227
12.2194	0.831592697185776
12.3336	0.83824402666944
12.4478	0.838893031092799
12.562	0.835898160482553
12.6762	0.827506575517407
12.7904	0.810993267066632
12.9046	0.787485989862966
13.0188	0.753852980718293
13.133	0.799838556342013
13.2472	0.828765386474344
13.3614	0.843527184677955
13.4756	0.849515844057966
13.5898	0.849842506980917
13.704	0.846436519470654
13.8182	0.836664864132686
13.9324	0.819927277411125
14.0466	0.794750003613908
14.1608	0.830761076411953
14.275	0.853922749376901
14.3892	0.864330853986037
14.5034	0.864947575525708
14.6176	0.869828570074713
14.7318	0.863360710797788
14.846	0.854146238672279
14.9602	0.84142517088965
15.0744	0.822445690358893
15.1886	0.793544996570214
15.3028	0.831190296969529
15.417	0.85476774019059
15.5312	0.865788051784135
15.6454	0.86708816048386
15.7596	0.8719246694027
15.8738	0.864289847731274
15.988	0.853724784383562
16.1022	0.838518748526339
16.2164	0.815046759730599
16.3306	0.846887059180316
16.4448	0.866854902897433
16.559	0.874444546599203
16.6732	0.877908656892862
16.7874	0.878273560319268
16.9016	0.871980028582426
17.0158	0.862657644069396
17.13	0.849782712986837
17.2442	0.830784225222866
17.3584	0.85802970021843
17.4726	0.874398128282898
17.5868	0.87321109567818
17.701	0.88540192128228
17.8152	0.882531889150214
17.9294	0.877029966664063
18.0436	0.868929015228627
18.1578	0.857600835191232
18.272	0.841319797866388
18.3862	0.815962380270086
18.5004	0.848644549764265
18.6146	0.868504234395976
18.7288	0.876290570698931
18.843	0.879990737720652
18.9572	0.879726844412221
19.0714	0.872653189453057
19.1856	0.862584498406756
19.2998	0.848255006249581
19.414	0.826741354529474
19.5282	0.855670717884119
19.6424	0.873288909160839
19.7566	0.878815967330128
19.8707999999999	0.884131525901228
19.9849999999999	0.882386335395016
20.0991999999999	0.876129480364427
20.2133999999999	0.867213326981387
20.3275999999999	0.854560381002847
20.4417999999999	0.836150597140973
20.5559999999999	0.862088277029113
20.6701999999999	0.877188825736166
20.7843999999999	0.877501964658967
20.8985999999999	0.887258245322921
21.0127999999999	0.884304496247414
21.1269999999999	0.878993915187047
21.2411999999999	0.870965116651386
21.3553999999999	0.85969700474441
21.4695999999999	0.843265042553041
21.5837999999999	0.818422619040878
21.6979999999999	0.850086618397905
21.8121999999999	0.869907931964929
21.9263999999999	0.877455165472927
22.0405999999999	0.881321647468957
22.1547999999999	0.880530289054792
22.2689999999999	0.873529453611185
22.3831999999999	0.863211196041154
22.4973999999999	0.849051100327395
22.6115999999999	0.827641829019306
22.7257999999999	0.856230732437711
22.8399999999999	0.873757916153363
22.9541999999999	0.879099926046607
23.0683999999999	0.884455934127437
23.1825999999999	0.882632802497471
23.2967999999999	0.876426785139925
23.4109999999999	0.867402371686795
23.5251999999999	0.854729245263364
23.6393999999999	0.836275150065945
23.7535999999999	0.861964158179509
23.8677999999999	0.877129372595897
23.9819999999999	0.877564440168482
24.0961999999999	0.887157221938372
24.2103999999999	0.884320942287442
24.3245999999999	0.878990910792206
24.4387999999999	0.87087426126224
24.5529999999999	0.859583285794396
24.6671999999999	0.843338385159622
24.7813999999999	0.81836403665921
24.8955999999999	0.85021304766332
25.0097999999999	0.869810905766295
25.1239999999999	0.877164500779996
25.2381999999999	0.881152647545813
25.3523999999999	0.880438041790974
25.4665999999999	0.873341313474362
25.5807999999999	0.86327606583322
25.6949999999999	0.848934348282102
25.8091999999999	0.827566069639415
25.9233999999999	0.856138142394136
26.0375999999999	0.873520817499644
26.1517999999999	0.878956198418769
26.2659999999999	0.884348215270703
26.3801999999999	0.882441732293178
26.4943999999999	0.876313907313753
26.6085999999999	0.867218191410485
26.7227999999998	0.854670034557149
26.8369999999998	0.836257857899914
26.9511999999998	0.862016928747845
27.0653999999998	0.877059608571868
27.1795999999998	0.877375811360551
27.2937999999998	0.887060073656371
27.4079999999998	0.884176270195768
27.5221999999998	0.878737219567314
27.6363999999998	0.870833524696377
27.7505999999998	0.859522265807432
27.8647999999998	0.843510601325915
27.9789999999998	0.818636157533784
28.0931999999998	0.850365745200295
28.2073999999998	0.86985735764222
28.3215999999998	0.877139104628405
28.4357999999998	0.881162154698056
28.55	0.880374924626814
