"Time [ms]"	"BEMF [V]"
0.1142	0.75282052546947
0.2284	482.744572647358
0.3426	467.156807459377
0.4568	450.959840710593
0.571	433.341523055248
0.6852	413.710636500949
0.7994	391.863169878057
0.9136	367.228118072411
1.0278	337.267169537184
1.142	296.815563940623
1.2562	247.377518247194
1.3704	577.198670478413
1.4846	539.0629726488
1.5988	507.654318866909
1.713	485.187618864878
1.8272	466.787424850351
1.9414	450.95762278426
2.0556	436.825875146699
2.1698	423.676381021639
2.284	410.964170712095
2.3982	368.465425383584
2.5124	280.28982482531
2.6266	259.050899565003
2.7408	231.914561083184
2.855	201.020645692146
2.9692	171.320623362469
3.0834	143.176396339272
3.1976	116.676567783173
3.3118	94.4917809784576
3.426	76.8271231403242
3.5402	63.017157889505
3.6544	52.0053261507232
3.7686	44.156171324902
3.8828	38.2952691857319
3.997	34.1563129390311
4.1112	36.2385023337028
4.2254	40.8881713669566
4.3396	48.5670209215455
4.4538	56.1874018991473
4.568	64.70515300147
4.6822	74.0557351364459
4.7964	81.0412104062853
4.9106	90.435404595624
5.0248	98.2010129543789
5.139	106.33287719704
5.2532	653.279307643651
5.3674	591.271012213179
5.4816	542.826964975296
5.5958	506.074585358056
5.71	481.809763020453
5.8242	464.694909134161
5.9384	451.945848209513
6.0526	440.728373243577
6.1668	430.542327233228
6.281	420.800947462755
6.3952	409.033447904538
6.5094	393.625389439938
6.6236	352.945761808153
6.7378	273.958701646622
6.852	229.439437022041
6.9662	603.15172797638
7.0804	557.724851829536
7.1946	521.261960208872
7.3088	496.38150296608
7.423	478.769456596438
7.5372	466.66096082872
7.6514	456.707934481875
7.7656	448.384744127234
7.8798	440.84498898819
7.994	433.386367568181
8.1082	423.797815506083
8.2224	409.704235189187
8.3366	573.031320069932
8.4508	540.468310120347
8.565	514.622077405488
8.6792	496.020278608858
8.79340000000001	483.425824277415
8.90760000000001	473.17166142233
9.02180000000001	464.982861393895
9.13600000000001	458.446245537308
9.25020000000001	452.988522896089
9.36440000000001	447.708227800051
9.47860000000001	442.13238251664
9.59280000000001	549.324341131233
9.70700000000001	523.595286910056
9.82120000000001	505.557050356914
9.93540000000001	492.256841899113
10.0496	481.885402056505
10.1638	473.418140451291
10.278	466.894171621911
10.3922	507.249849950355
10.5064	424.903218889196
10.6206	462.95294004297
10.7348	448.928208536148
10.849	529.288352436344
10.9632	511.049448116731
11.0774	497.299999128777
11.1916	486.603713150223
11.3058	478.280316317365
11.42	471.741634610383
11.5342	484.51543705877
11.6484	425.235301408871
11.7626	459.619174674909
11.8768	495.924126239575
11.991	522.444540526188
12.1052	506.53042439961
12.2194	494.120937543434
12.3336	484.519095532332
12.4478	477.088897950747
12.562	460.547391527869
12.6762	438.094703580114
12.7904	433.327253408061
12.9046	465.078954130994
13.0188	463.224453388386
13.133	520.975278283405
13.2472	506.301738650469
13.3614	494.753906822377
13.4756	485.942342941911
13.5898	479.197609353381
13.704	449.113605361511
13.8182	444.236657962791
13.9324	439.580772059193
14.0466	479.750774171892
14.1608	514.695538053415
14.275	501.0507055506
14.3892	490.000602851719
14.5034	523.630107144768
14.6176	456.795080258703
14.7318	454.175766867172
14.846	451.084177468151
14.9602	447.251245510363
15.0744	457.349003916576
15.1886	495.879093214982
15.3028	514.242849069923
15.417	501.289707445055
15.5312	490.985514399461
15.6454	559.058699124385
15.7596	458.032345748727
15.8738	455.282539426524
15.988	451.845155316038
16.1022	447.652537151776
16.2164	480.385976674128
16.3306	511.832865519337
16.4448	498.96624243002
16.559	488.813272074088
16.6732	463.297613527327
16.7874	461.177515404906
16.9016	458.609068861241
17.0158	455.52457878573
17.13	451.680309324861
17.2442	465.861345983721
17.3584	509.779169825814
17.4726	497.029782916797
17.5868	488.34563284153
17.701	465.439382622702
17.8152	463.440753940239
17.9294	461.046070677452
18.0436	458.192399168573
18.1578	454.64048761318
18.272	453.123939058783
18.3862	490.931828862903
18.5004	511.167047704827
18.6146	498.810856565049
18.7288	489.120807011272
18.843	464.47048456563
18.9572	462.245710849336
19.0714	459.568014356838
19.1856	456.282397841253
19.2998	452.173735134286
19.414	478.796549562749
19.5282	509.991340707944
19.6424	497.556171538143
19.7566	487.80193490162
19.8707999999999	465.626651802626
19.9849999999999	463.524489750561
20.0991999999999	461.006425897982
20.2133999999999	457.945557560572
20.3275999999999	454.132680176955
20.4417999999999	467.132761925098
20.5559999999999	508.812669382317
20.6701999999999	496.325654697865
20.7843999999999	533.256291742244
20.8985999999999	466.643954073666
21.0127999999999	464.625699173394
21.1269999999999	462.243564275347
21.2411999999999	459.366623965638
21.3553999999999	455.807474823946
21.4695999999999	455.276671365158
21.5837999999999	492.502066989376
21.6979999999999	510.809642662454
21.8121999999999	498.586183875358
21.9263999999999	489.088463107799
22.0405999999999	464.96628253336
22.1547999999999	462.75590213329
22.2689999999999	460.008196608381
22.3831999999999	456.738393708989
22.4973999999999	452.513683238836
22.6115999999999	481.870205900168
22.7257999999999	509.911616349182
22.8399999999999	497.600304461504
22.9541999999999	487.879485983468
23.0683999999999	465.749669248996
23.1825999999999	463.597717139063
23.2967999999999	461.061965684227
23.4109999999999	457.941155921168
23.5251999999999	454.076370121996
23.6393999999999	469.299022985767
23.7535999999999	508.926184466932
23.8677999999999	496.482064330806
23.9819999999999	541.364287809577
24.0961999999999	466.590334321247
24.2103999999999	464.540633019799
24.3245999999999	462.139968291047
24.4387999999999	459.201061504679
24.5529999999999	455.604091110524
24.6671999999999	457.403649004871
24.7813999999999	507.905977685269
24.8955999999999	495.339908801705
25.0097999999999	484.620586457287
25.1239999999999	467.284261463726
25.2381999999999	465.315739431766
25.3523999999999	463.011234043116
25.4665999999999	460.261761886805
25.5807999999999	456.879757082858
25.6949999999999	452.64336891415
25.8091999999999	482.583142052199
25.9233999999999	509.9440201276
26.0375999999999	497.647242109647
26.1517999999999	487.979512078866
26.2659999999999	465.681748532219
26.3801999999999	463.498733838346
26.4943999999999	460.915307672468
26.6085999999999	457.73980023409
26.7227999999998	453.828170760258
26.8369999999998	470.120411049775
26.9511999999998	509.099901351141
27.0653999999998	496.635132110009
27.1795999999998	549.875755871775
27.2937999999998	466.373851246573
27.4079999999998	464.308066825963
27.5221999999998	461.869705189974
27.6363999999998	458.89871180565
27.7505999999998	455.263709430789
27.8647999999998	457.766852559761
27.9789999999998	508.101969175793
28.0931999999998	495.503039560466
28.2073999999998	495.106879046423
28.3215999999998	467.038518848465
28.4357999999998	465.100290319865
28.5499999999998	462.719587974419
28.6641999999998	459.980460937093
28.7783999999998	456.528282064764
28.8925999999998	452.287573484379
29.0067999999998	482.404217049529
29.1209999999998	510.119791884695
29.2351999999998	497.776289205608
29.3493999999998	488.088649001935
29.4635999999998	465.438399599475
29.5777999999998	463.241313930465
29.6919999999998	460.641271029221
29.8061999999998	457.451065812572
29.9203999999998	453.519641010926
30.0345999999998	470.039451229127
30.1487999999998	509.219890143797
30.2629999999998	496.722914418053
30.3771999999998	555.225864695391
30.4913999999998	466.173295858133
30.6055999999998	464.114436930695
30.7197999999998	461.645915168151
30.8339999999998	458.685094754188
30.9481999999998	455.016376827872
31.0623999999998	458.047277065385
31.1765999999998	508.16524490533
31.2907999999998	495.558365439907
31.4049999999998	496.480019045398
31.5191999999998	466.904524743989
31.6333999999998	464.908277809981
31.7475999999998	462.576488247774
31.8617999999998	459.809439160653
31.9759999999998	456.387089053025
32.0901999999998	452.131996236728
32.2043999999998	481.96673219543
32.3185999999998	510.156207786659
32.4327999999998	497.780356796741
32.5469999999998	488.059466852209
32.6611999999998	465.350855499366
32.7753999999998	463.165472871909
32.8895999999998	460.562988265377
33.0037999999998	457.379307735992
33.1179999999998	453.462344069753
33.2321999999998	469.006189465614
33.3463999999998	509.235745038156
33.4605999999998	496.694515705345
33.5747999999998	555.25692814075
33.6889999999998	466.121750720661
33.8031999999998	464.105348359975
33.9173999999998	461.59716816086
34.0315999999998	458.674901486488
34.1457999999998	454.994532517335
34.26	457.274766672644
