"Time [ns]"	"SolidLoss [mW]"	"CoreLoss [mW]"	"p_cu [W]"	"P_out [W]"
0	0	0		0
114200	0.00059607696715069	0.0731026068324629	1.4117205661607E-11	-4.60158089775572E-05
228400	6018.87731964226	8001.96633101195	11.4292473290458	-1.79486658397537
342600	7851.05874039135	7715.11029872846	46.3315190330223	-4.45112448648786
456800	8856.48971354648	7407.81511245235	107.264784865349	-6.84703780399932
571000	10554.8517084283	7472.50318043176	202.565358694156	-7.8925952868684
685200	11657.0720615914	7657.28260308263	343.999309635434	-6.40137394816212
799400	13023.8364716892	7785.07306404301	546.02202388131	-1.14679270940042
913600	13997.0547129933	7732.75780872305	832.196419756487	8.83001827576322
1027800	16257.6808619007	7403.02365943475	1262.52259608834	24.250641704153
1142000	22013.7749778905	6090.14153695679	1983.07357734085	45.6072002310584
1256200	32821.951376342	4543.94414770145	3076.72181857541	72.7464164875754
1370400	22224.5271832974	20780.7601084048	1934.77506939924	99.453108180671
1484600	29333.9911154037	18720.7300812371	1359.79533219229	128.01658022119
1598800	29700.6946122203	15624.3122310431	1115.71630062766	158.525815982105
1713000	22033.1767728425	12019.7404862319	1083.10264465433	191.207615276812
1827200	17452.7313268347	10488.1537492702	1136.17457885835	225.977072572124
1941400	15006.963089999	9493.98944166332	1239.45861597103	263.297717978991
2055600	13307.9604359606	8940.61667588233	1376.83589349836	303.562938860453
2169800	12199.854392006	8412.19945087876	1540.73437397811	346.705246532456
2284000	11137.0384780007	7963.52727788146	1734.79663594509	392.748049907126
2398200	9812.75456519756	6889.9029397992	1977.52016374878	443.589568246363
2512400	7887.93857542363	4165.70490457934	2323.41644853741	505.164997802756
2626600	8411.20917324066	3749.55994029443	2805.16258254974	575.169992836945
2740800	10392.2936868267	3126.74681915107	3480.82512776786	651.235981458928
2855000	14304.820708986	2650.029383343	4335.75226520243	732.419557076867
2969200	15392.6759986561	2061.64149140815	5241.84588339464	816.629434630563
3083400	12892.1492132101	1346.48061186247	6180.57178063772	903.912719704463
3197600	8623.55660222207	832.181916082987	7130.4318550569	991.57260102443
3311800	6195.82818399265	663.874679732265	7984.00497638722	1079.06897011519
3426000	4801.90042596323	578.008546323305	8693.36107670822	1164.55140760827
3540200	4136.44881352786	539.277858077719	9261.44348996375	1245.4496960895
3654400	3892.3190291911	527.626697811153	9735.06936473984	1326.01092560642
3768600	3914.25542135715	559.889088026028	10080.0979656861	1399.90193385331
3882800	3999.25322631056	619.002484781588	10345.2958974408	1470.05580497202
3997000	4197.47371963866	677.920638631357	10533.0005560181	1533.29584121461
4111200	4412.3268341451	751.860210221645	10668.6531318629	1590.08433225016
4225400	4597.78605133508	835.801994975836	10773.006002254	1640.37342719774
4339600	4891.15736523147	954.420261239383	10838.2477591957	1681.04886195831
4453800	5073.20782786048	1055.07052721144	10886.917495783	1713.379651124
4568000	5314.60451124968	1164.33310585276	10915.0888637676	1734.46913555251
4682200	5680.53885108748	1290.49263465774	10921.9481768589	1741.28838662178
4796400	5791.56081934103	1385.91717565922	10939.7939682501	1740.39045860391
4910600	6062.59664393106	1506.7006224208	10950.2526070569	1725.14927366116
5024800	6393.66209073039	1608.94134568568	10960.5517386348	1696.38500624745
5139000	6783.31826023855	1724.6570964585	10970.6981300851	1653.94065081298
5253200	36591.3874962767	24885.8969314925	5696.48790545314	1549.47220862141
5367400	42330.3499077666	21734.4550813165	3103.98965638578	1471.9199849564
5481600	42590.3731672965	18453.3634103167	1828.2838867354	1418.36041960439
5595800	38295.6537076877	15607.0491036975	1258.96608808005	1392.28726578008
5710000	25586.7235558344	13256.7749291577	1068.65766634138	1403.48208033234
5824200	19707.0551215468	11346.4120262529	1035.1293210592	1428.49391969916
5938400	15128.7062081985	10494.9382361467	1086.34819500118	1470.98093244248
6052600	13580.2182964292	10166.649335383	1180.60430401095	1525.91614912599
6166800	11803.4746470752	9842.11147306613	1316.24899023568	1588.66930440299
6281000	10255.995658685	9509.3953588329	1498.93289573856	1654.58493458447
6395200	8826.95252998914	9424.77596992416	1798.98929438207	1725.45464312617
6509400	9447.50839753383	9048.60437983361	2295.76759651381	1795.54239154821
6623600	15357.6098661733	8119.35783151233	3088.17564616984	1853.66243728317
6737800	19178.4182354819	5482.10940307754	4056.37735578435	1871.45823455941
6852000	15833.7347689672	3891.85813732757	5239.02318866665	1851.06776061298
6966200	32316.2646223285	23944.2838013087	2806.29869164838	1712.0102965059
7080400	42009.2754063173	22061.9038360874	1643.40995108668	1605.18129235064
7194600	39673.8899299983	18081.9731238864	1063.05660595589	1527.74638445696
7308800	25015.928387406	15004.3595197897	836.967583717135	1497.36937100673
7423000	17775.5331919102	12974.0727789008	763.097025099524	1493.93017040215
7537200	12695.4966954388	11872.9471814414	775.875940633947	1510.11565794428
7651400	10324.0487814388	11577.7073715668	827.540762623349	1543.52047449401
7765600	8912.94916483424	11189.2722287346	915.885604901904	1582.79200190495
7879800	8401.4000569084	10840.3255591527	1046.47713251761	1619.87763721707
7994000	8228.5454700057	10504.5330491797	1222.8894782786	1648.49129515444
8108200	8165.07305253081	10641.1523050754	1508.69961240441	1667.99020851654
8222400	10735.227879452	10416.0370650711	1997.69538156869	1677.67494996057
8336600	28309.1753909443	27424.1649209575	1195.29992233101	1556.60994802343
8450800	31728.396666169	24999.7423002935	773.185584315654	1448.56862662282
8565000	25173.5639207862	21173.393863055	547.0804665406	1371.20365248607
8679200	17435.1100406842	18163.2948138774	453.535930960643	1328.88035040718
8793400.00000001	11324.8798578568	16509.3854010893	432.454579828369	1323.42016803985
8907600.00000001	8695.01562976442	15823.5755880335	441.57280624453	1340.11013409259
9021800.00000001	6895.51269512683	15289.5892139863	475.022701448206	1372.83036192479
9136000.00000001	5790.1292632143	14854.4058465884	530.279892921747	1409.47279216799
9250200.00000001	5310.00259363278	14206.3809395342	610.159748258561	1435.02245216431
9364400.00000001	6040.09673237725	13499.1017627948	734.579602179299	1449.29537178642
9478600.00000001	7482.92423499405	13009.7042330393	907.851009822696	1442.38085573262
9592800.00000001	21398.1959048759	27494.7715589836	557.736140268194	1322.89266893068
9707000.00000001	22552.7130270541	24203.8240651264	366.309120885917	1214.11176671872
9821200.00000001	15837.5214490965	20744.1221740922	278.430566514145	1141.93725690687
9935400.00000001	10925.063248357	19432.5831332903	246.147706306472	1114.22830964189
10049600	8178.14267645472	19322.9471971942	238.461115298979	1119.25734338637
10163800	6439.53763610328	18979.296493374	248.701388192767	1152.35965682312
10278000	4828.26781327535	18790.4117497475	271.587904268699	1197.0780660785
10392200	4733.70988963054	20057.1105985403	304.039660059155	1253.28430846675
10506400	4123.18582814334	16749.0480510104	356.419238770415	1282.3278549611
10620600	4755.23092363716	17634.3668395495	427.964604459635	1304.22669923354
10734800	6430.30010867235	16784.3767382721	542.933295657031	1292.55552629851
10849000	17379.486096876	24870.6621086792	332.407808631632	1163.51826138662
10963200	13841.4801536037	21647.6950396325	234.400549450866	1069.70183477878
11077400	9869.136745011	20469.9762629908	193.555295057948	1019.87666936933
11191600	7320.52129791354	20737.3853356717	181.038648266098	1018.9246159789
11305800	5603.56355692486	20800.7381312422	184.338871333005	1042.50306155114
11420000	4403.55896709746	20765.3077736559	198.332009043985	1084.01912629596
11534200	3670.56209120295	20831.0704254709	220.30408411461	1132.26668199272
11648400	3323.68417557075	18555.0326379782	256.765396387094	1157.41333755452
11762600	4096.73315555913	19222.9522576183	307.260725430388	1176.79843407892
11876800	5515.00076589276	19884.3792147107	379.357605037445	1185.55399861944
11991000	13724.7353969573	22939.4505723256	233.528872370984	1051.23103499049
12105200	11151.9864087426	20990.363908264	166.803872293736	963.434844992958
12219400	8103.99787154614	20906.9044911472	140.073516466426	926.430255700718
12333600	6054.88774711937	21320.7558003506	133.921892630582	932.517257504164
12447800	4610.05040089805	21363.6623854499	140.085964590596	965.198966113073
12562000	3461.08796028675	20763.2123095508	153.605524070565	1008.57452503585
12676200	2536.65644827928	18344.9270312282	173.951635362314	1033.87434398686
12790400	2742.04627052996	19148.3806757335	202.222193684738	1051.89606669378
12904600	3872.81542794915	19877.4559456198	243.790289945818	1070.74532373369
13018800	5531.29367327021	20613.884049532	303.306099294742	1074.81659467406
13133000	11439.4413096092	22040.3895683708	184.524100431991	946.804548881985
13247200	9339.01465113416	20769.5382610768	131.783577781143	867.523577521161
13361400	6828.42200400759	21136.5699915983	111.130542527391	840.465296651501
13475600	5019.32574064051	21451.9236877455	107.754558084837	854.173877731996
13589800	3811.49984457596	21471.7260275649	114.377101230611	891.324042481635
13704000	2608.78114425971	19903.4648691029	127.559533795319	929.677368619142
13818200	2215.39601983513	18754.2742186849	145.581884752563	950.519007626438
13932400	2575.89010519862	19367.7186995491	171.325212174377	968.181915186979
14046600	4014.43127342265	20241.5122282748	209.120027677658	979.512331593344
14160800	9690.50814960973	21096.5616997637	124.720877208842	846.460593899573
14275000	8397.60638252757	20718.9728481885	87.1453003524846	769.609230631028
14389200	6381.4920891134	21089.3723601843	74.6354641413554	745.495564106085
14503400	5745.91170978848	23197.816327753	75.7924397720645	769.330127907474
14617600	1947.30098560097	17574.2763898556	84.4043161977601	801.576810503881
14731800	1632.31820336794	17899.3429858583	95.1876144652896	829.709254720533
14846000	1678.86965976064	18333.2763706991	108.654288575909	853.45373302814
14960200	1908.86265526023	18825.5623108531	126.461825078239	873.77665165389
15074400	2639.04034397517	19437.6972538599	151.795066281769	887.618412999119
15188600	4603.72830666476	20205.2819253033	189.904229054241	894.012740860108
15302800	8535.90392289828	20744.2790194248	113.010675637975	777.146787317781
15417000	7173.18304616655	20625.7195639498	79.2355995820395	713.999136760927
15531200	5442.3118810069	21084.2020076888	68.4783176911646	703.650392949272
15645400	5294.72247538239	23963.1386689026	69.1377576340982	738.233276406071
15759600	1741.72249180493	17617.0125211091	78.0411518548894	767.604771604706
15873800	1559.43096598112	18072.2869765422	88.7731732555187	791.165353261802
15988000	1680.33387758249	18457.3655792364	103.351441917701	815.984157455151
16102200	2045.98317671054	19047.550726724	122.370965976654	831.296691750765
16216400	3330.31679185302	19700.6222310866	151.698130986683	844.413969194968
16330600	8039.0322684004	20489.4388653683	87.9444608328036	724.35670438442
16444800	7037.51307268485	20562.6373822159	60.8237942146214	661.877682048329
16559000	5306.2212343403	21054.5468871342	54.2369624187729	652.174403710961
16673200	3107.54308295467	19892.2571269436	58.4419902965883	683.97861596956
16787400	1462.38425717638	17537.206523989	65.7454591926934	714.560721258135
16901600	1314.98125795812	17776.1103747211	75.0408405723746	742.276086675889
17015800	1444.884750528	18228.061370931	87.0134510569567	766.378939216255
17130000	1744.06301709757	18739.6677401504	103.062614548669	788.066820108621
17244200	2437.53142902655	19257.3526406291	125.65934797143	802.224764617217
17358400	7769.20048689434	20274.9567319984	71.0735364294127	681.404738820663
17472600	6884.28915830978	20482.8364645004	48.9216815618575	617.004701196834
17586800	6841.64012866924	23490.8664946245	45.3293254667794	604.335177061551
17701000	1682.6104645437	17349.5841609539	51.3506467920654	643.173465802694
17815200	1252.91051382352	17489.8550684479	57.7766417059244	676.543043977136
17929400	1118.54027214982	17622.7136756797	65.9825211740596	704.786954171944
18043600	1242.4809094304	17966.0491116244	76.3677276292676	730.47081578421
18157800	1501.78777694079	18401.2017867516	90.3213512051223	754.735641745183
18272000	2028.70839356355	18933.2221171708	109.324403202119	772.714352181946
18386200	3425.45531019952	19611.6172191295	137.976908428544	783.345017572742
18500400	7342.45776114028	20145.1903607683	79.6056239787186	676.308906440753
18614600	6286.7917132994	20384.2714465473	55.3171186589668	623.93566906656
18728800	4737.74159142858	20924.5443394675	50.0636747382765	624.935810362717
18843000	2707.04917399549	19752.8915581295	54.3194004045828	659.754648438526
18957200	1318.45128203608	17430.2250678255	61.732366262484	689.54310594641
19071400	1257.96290422085	17750.5244900357	71.1529556445719	715.961309489896
19185600	1441.61849812697	18200.5720923802	83.5957799995901	741.083957587962
19299800	1825.12089992296	18705.6442194661	100.451588049159	761.418368738902
19414000	2756.92431020496	19227.2132577715	124.819294753183	774.409848747719
19528200	7411.79736991202	20171.8062040844	70.8184531764792	661.865221884061
19642400	6475.06827704705	20437.315527271	48.9533147827647	606.457810876458
19756600	4871.87545017553	20934.905279598	45.5271678905701	605.065115805283
19870799.9999999	2056.07605620113	18245.2802176883	50.7159511703008	639.487711325632
19984999.9999999	1245.57832856283	17309.4938515123	57.4378191538312	670.779370561513
20099199.9999999	1158.34679891805	17548.2672836682	66.0444951782805	698.207715912137
20213399.9999999	1305.18331493229	17925.1324645686	77.1771020188599	724.220848166575
20327599.9999999	1627.31454505447	18410.0256360896	92.2200320690175	747.424154075628
20441799.9999999	2269.62093647932	18875.0856009483	113.169560303419	763.336568811013
20555999.9999999	7430.48069760865	20039.3722313958	63.0308088970062	646.553303614465
20670199.9999999	6549.94789290485	20283.8267564905	43.5941082295375	586.872604459124
20784399.9999999	5630.0315573602	21920.8612295703	41.9189046276852	580.858005978406
20898599.9999999	1534.84076461896	17172.1994725621	47.7402873909443	620.61111309451
21012799.9999999	1173.1028556257	17286.2831339062	53.9651339235651	653.460990087589
21126999.9999999	1062.48515188964	17355.4860270747	61.9508558032804	683.034912257192
21241199.9999999	1197.92403339562	17695.5232112684	71.9831719333741	709.133657712454
21355399.9999999	1460.97872516092	18117.5038316097	85.6277414305054	734.677684953932
21469599.9999999	1992.69846109727	18620.5474121328	104.043015940947	751.544477062208
21583799.9999999	3336.70704658158	19160.5224529906	132.001925781903	765.367855074104
21697999.9999999	7165.51376416529	19991.272519279	75.7108799719134	657.928985558339
21812199.9999999	6172.36233229272	20282.892351568	52.8013238998309	611.798159634541
21926399.9999999	4601.10985610403	20780.6148828867	48.1473687941808	614.486724222171
22040599.9999999	2500.57933997046	19223.1571823369	52.8018224415048	649.972694001646
22154799.9999999	1276.20629563227	17183.5021175846	60.0739829684073	678.891630369098
22268999.9999999	1227.76663346062	17461.6247194926	69.5399811628309	707.073263729062
22383199.9999999	1413.69015076492	17881.634903177	81.8432600573553	730.426820927207
22497399.9999999	1809.31511719968	18335.8105965421	98.7034867626987	753.229408075283
22611599.9999999	2725.2131306692	18781.0386189046	122.857277917783	766.862676412563
22725799.9999999	7330.79037124204	20047.0986393234	69.6643669097629	656.09214406233
22839999.9999999	6395.21772573371	20277.1188323407	48.2422621252287	601.811840501124
22954199.9999999	4830.33932884821	20801.3380732469	45.0681048874365	601.561470459908
23068399.9999999	2003.30696594101	17989.9217549569	50.3370511576001	635.675918015609
23182599.9999999	1239.61208743111	17112.3131154948	57.0941080807294	667.817780881418
23296799.9999999	1154.76096868257	17282.4680133353	65.761387512397	695.875770042025
23410999.9999999	1308.88358918127	17678.1481447518	76.8985438250051	721.663150665676
23525199.9999999	1632.04023709765	18099.9062783551	92.0466028716211	745.383445924013
23639399.9999999	2285.8436007179	18512.9032294325	113.030533454032	761.351011335336
23753599.9999999	7432.3481586935	19994.7875066729	63.0397652390421	645.541784867085
23867799.9999999	6548.48307732823	20268.9097039979	43.625905213341	586.623332226605
23981999.9999999	5651.83130143724	21839.9995734669	42.0544764486324	581.892457790791
24096199.9999999	1537.07937388304	17099.6630025874	47.8622217132805	620.349774191574
24210399.9999999	1172.9618047761	17136.2461450097	54.2392352159003	654.703336532933
24324599.9999999	1066.27046578539	17227.0754926394	62.1900894364079	683.986336777869
24438799.9999999	1190.65803309275	17524.6461435721	72.4252121107531	710.528786344077
24552999.9999999	1464.60787575275	17981.4958961646	86.0303437084695	735.774036288392
24667199.9999999	1987.33559982473	18417.501400835	104.709442259234	754.775132218607
24781399.9999999	3330.40368491219	18960.3709380407	132.577361529797	766.863455629796
24895599.9999999	7185.22124784481	19935.0748203902	76.2661637314246	661.987764802676
25009799.9999999	6163.22801179002	20209.2639579331	53.1059437363167	612.904046154509
25123999.9999999	4642.97814071077	20709.4254803114	48.5251439870065	615.456382348719
25238199.9999999	2514.43150114223	19192.5521696095	53.1180940033515	651.348694126815
25352399.9999999	1279.50288267334	17087.4423266733	60.5017075643604	681.086655405115
25466599.9999999	1241.15899278332	17387.8549679141	69.9708844709398	708.64212303428
25580799.9999999	1416.71407634965	17777.6393498499	82.3402643271079	733.74828334554
25694999.9999999	1821.19873178103	18234.4918721508	99.2367606486544	755.266998147073
25809199.9999999	2729.06970365471	18636.4493190145	123.456609731785	768.847023306472
25923399.9999999	7372.6955847165	20074.3974726366	70.0651511378192	658.707179227986
26037599.9999999	6435.07817575758	20307.9935383526	48.5171275084728	603.08315626117
26151799.9999999	4855.74712188978	20799.8837090106	45.3447710008121	603.164719786965
26265999.9999999	2012.7239398933	17981.3755099946	50.6438797404947	637.663301550995
26380199.9999999	1239.98010328007	17089.4597606226	57.4174045474939	669.027683875975
26494399.9999999	1153.68209484105	17241.6357461515	66.1380327641726	697.794651282515
26608599.9999999	1307.19425322627	17642.9856130504	77.3000537111322	723.075200238809
26722799.9999998	1618.25945492511	18058.4875092125	92.4833711025405	747.523860839425
26836999.9999998	2262.08273882315	18468.8050060309	113.33151017441	762.569942194447
26951199.9999998	7446.66889748624	19981.1124339677	63.3201121357558	647.875186211628
27065399.9999998	6521.30621289083	20211.4111516428	43.7743308388629	586.71113760763
27179599.9999998	5707.53827427548	21792.4603820196	42.3318139022811	583.086062737013
27293799.9999998	1540.54150548186	17068.0374308	48.0802368651325	621.405233497928
27407999.9999998	1187.79899139524	17124.6466418648	54.576266383417	656.677555585681
27522199.9999998	1069.44733243379	17223.9219842133	62.4777317821422	684.520370051591
27636399.9999998	1196.38305658757	17487.9814754788	72.7863482563767	712.804495360863
27750599.9999998	1463.66773871618	17957.3554618392	86.3216572893564	737.206480534619
27864799.9999998	1983.28437324721	18374.0029230417	105.024685866997	757.496345007077
27978999.9999998	3297.40906942268	18920.6532221211	132.691606865506	768.615043340778
28093199.9999998	7224.30644671475	19970.3724813011	76.3692473126098	664.022071102114
28207399.9999998	6202.10817092329	20225.8315009082	53.1830489771882	614.217039001389
28321599.9999998	4679.84157502786	20726.2267864235	48.6173084179119	616.501724236183
28435799.9999998	2479.94607172762	19108.5826160398	53.2789926955511	651.787637553195
28550000	1276.58240052183	17089.2540375956	60.6492017440179	681.871305033677
