"Time [ms]"	"BranchCurrent(Vi_a) [A]"	"BranchCurrent(Vi_b) [A]"	"BranchCurrent(Vi_c) [A]"
0.1142	2.92622482703896E-11	4.69126151505028E-11	-7.61748634208924E-11
0.2284	0.718715557040049	-0.718760272175234	4.47151351852249E-05
0.3426	1.361174666071	-1.36121668454328	4.20184722755845E-05
0.4568	1.98625857630709	-1.98629566139952	3.70850924271693E-05
0.571	2.60297104820542	-2.60300190848108	3.08602756593501E-05
0.6852	3.21028724648703	-3.2103140489271	2.6802440073137E-05
0.7994	3.81268836325178	-3.81270974512777	2.13818759973172E-05
0.9136	4.40247523435754	-4.40249547280618	2.02384486405194E-05
1.0278	4.98269240266869	-4.98271545695767	2.30542889738672E-05
1.142	5.55710254705433	-5.55713228190307	2.97348487361404E-05
1.2562	6.12703355479685	-6.1270704289501	3.68741532437156E-05
1.3704	6.69395831716229	-6.69400364520845	4.53280461574224E-05
1.4846	7.28766426295749	-7.28773839426114	7.41313036449753E-05
1.5988	7.89993438858144	-7.9000310608191	9.66722376549711E-05
1.713	8.5360946212018	-8.53621100163756	0.000116380435752461
1.8272	9.21273167474491	-9.212870619725	0.000138944980090372
1.9414	9.94306540249013	-9.94321692049161	0.000151518001471729
2.0556	10.7784608786789	-10.7786189733939	0.000158094715031254
2.1698	11.8289456902672	-11.8290799864471	0.00013429617991001
2.284	13.1921900108621	-13.1922908815891	0.000100870727004931
2.3982	14.6898267793387	-14.6898995022092	7.27228705024174E-05
2.5124	16.1218334637444	-16.1218831668048	4.97030603980875E-05
2.6266	17.481717986105	-17.481738170151	2.01840460185565E-05
2.7408	18.7483127326733	-18.7483078627752	-4.86989809900251E-06
2.855	19.7939295364838	-19.7939196526471	-9.88383671440829E-06
2.9692	20.6101086540621	-20.6101034119201	-5.24214202357598E-06
3.0834	21.286379691053	-21.286374416548	-5.27450499987481E-06
3.1976	21.7760806185128	-21.7760876604694	7.04195664980034E-06
3.3118	22.1399033401778	-22.1399216008702	1.82606923324613E-05
3.426	22.4020861283152	-22.4021190805593	3.2952244072959E-05
3.5402	22.5764843018893	-22.5765379081111	5.36062218614575E-05
3.6544	22.7400836195518	-22.7401466072737	6.29877219324726E-05
3.7686	22.837620543837	-22.8377062696614	8.57258244160164E-05
3.8828	22.8994219914716	-22.8995296008313	0.000107609359719873
3.997	22.9338538147218	-22.9339844343406	0.000130619618779804
4.1112	22.9747102322897	-22.9748565885944	0.000146356304714601
4.2254	22.9938085488318	-22.9939793630961	0.000170814264329522
4.3396	23.0132932270013	-23.0134836760109	0.00019044900962939
4.4538	23.0357545597785	-23.0359648231317	0.000210263353132234
4.568	17.0906099747324	-15.9951198819156	-1.09549009281685
4.6822	13.1105227817649	-10.9921518539865	-2.11837092777836
4.7964	10.4769161762405	-7.32738062028409	-3.14953555595644
4.9106	8.89206636217647	-4.78367435361392	-4.10839200856255
5.0248	8.09653249076947	-3.23350093143726	-4.86303155933221
5.139	7.78683931265744	-2.2809172869228	-5.50592202573464
5.2532	7.79436655433957	-1.70717237500437	-6.0871941793352
5.3674	7.96093332884146	-1.29708052004799	-6.66385280879346
5.4816	8.27154526257035	-1.01274888938238	-7.25879637318797
5.5958	8.72934082073164	-0.816855280213884	-7.91248554051776
5.71	9.49123246688302	-0.670173550277542	-8.82105891660548
5.8242	10.6960559555671	-0.547027347125613	-10.1490286084415
5.9384	12.3756346004072	-0.41402610467674	-11.9616084957305
6.0526	14.1377652647055	-0.248076705383478	-13.889688559322
6.1668	9.93790099775392	0.842441125398062	-10.780342123152
6.281	6.88184020850873	1.82251445607337	-8.7043546645821
6.3952	4.65529997863534	2.72120271011375	-7.3765026887491
6.5094	3.2503209289904	3.41098821174261	-6.661309140733
6.6236	2.37132096817571	3.96732375957304	-6.33864472774875
6.7378	1.86805433563535	4.44653120161173	-6.31458553724708
6.852	1.55591737030071	4.90163578893682	-6.45755315923753
6.9662	1.41225438681649	5.38078942267021	-6.79304380948671
7.0804	1.37673260760477	5.9105820877893	-7.28731469539407
7.1946	1.40740745099804	6.51391470595705	-7.92132215695509
7.3088	0.23733014654742	5.54523169019849	-5.78256183674591
7.423	-0.68476854830615	4.7476493920867	-4.06288084378055
7.5372	-1.36942702369147	4.18915602215709	-2.81972899846562
7.6514	-1.90403090608533	3.83971775996355	-1.93568685387822
7.7656	-2.32446623916959	3.63207053555721	-1.30760429638761
7.8798	-2.67367904669729	3.51919261155228	-0.84551356485499
7.994	-2.98347750644986	3.519250675	-0.535773168550134
8.1082	-3.27836622508405	3.63946126510934	-0.361095040025289
8.2224	-3.58262965587772	3.88497379279081	-0.302344136913091
8.3366	-3.93994731919329	4.29780690317313	-0.357859583979843
8.4508	-3.33798152073297	2.90080570257765	0.437175818155319
8.565	-2.907037067256	1.90966161431408	0.997375452941912
8.6792	-2.59234633749106	1.13550964096568	1.45683669652538
8.79340000000001	-2.37525729954787	0.541664108873126	1.83359319067475
8.90760000000001	-2.18280713312326	0.000624640453740555	2.18218249266952
9.02180000000001	-2.29471753886881	0.00019397508518342	2.29452356378362
9.13600000000001	-2.42805239937945	0.00028282491901762	2.42776957446043
9.25020000000001	-2.59197364473245	0.000378203452810953	2.59159544127963
9.36440000000001	-2.81039779060038	0.000474951229618061	2.80992283937076
9.47860000000001	-3.11188446313487	0.000567226305084666	3.11131723682979
9.59280000000001	-2.02335328389884	-0.60083333790802	2.62418662180686
9.70700000000001	-1.21552070221571	-1.05506411221506	2.27058481443077
9.82120000000001	-0.593533722742219	-1.42260389774525	2.01613762048747
9.93540000000001	-0.000662195739758675	-1.77582171944091	1.77648391518067
10.0496	-0.000186008897531152	-1.85821598931931	1.85840199821684
10.1638	-0.000277575430337047	-1.96285599226374	1.96313356769408
10.278	-0.00038004081883402	-2.09616626296574	2.09654630378457
10.3922	-0.00047048787314006	-2.27356775874474	2.27403824661788
10.5064	-0.000561347356035318	-2.51946531905592	2.52002666641196
10.6206	0.53288331013697	-2.0834610742719	1.55057776413493
10.7348	0.941775344340967	-1.75212181957962	0.81034647523865
10.849	1.25865036332475	-1.5222119925468	0.263561629222044
10.9632	1.4403984318299	-1.44077101105481	0.000372579224911629
11.0774	1.50497071414195	-1.50517994565992	0.00020923151797092
11.1916	1.59656281095558	-1.59686686010975	0.000304049154170149
11.3058	1.71862425337301	-1.71903238249324	0.000408129120231138
11.42	1.88862757677232	-1.88912733032374	0.000499753551421067
11.5342	1.48030397198507	-0.967875207567914	-0.512428764417153
11.6484	1.16215814761092	-0.262139074652661	-0.900019072958261
11.7626	1.07106778975386	-0.000213555443393076	-1.07085423431047
11.8768	1.11400115195958	-3.90729279831096E-05	-1.1139620790316
11.991	1.15829483988693	-0.00014843024120686	-1.15814640964572
12.1052	1.2213121686719	-0.000251900283430624	-1.22106026838847
12.2194	1.31146069676684	-0.00036169351745164	-1.31109900324939
12.3336	1.43990496108131	-0.00045707856442309	-1.43944788251689
12.4478	1.62571691661768	-0.000546058268290637	-1.62517085834939
12.562	0.773740174928848	0.461015418323065	-1.23475559325191
12.6762	0.000660606505658135	0.872971696409272	-0.87363230291493
12.7904	8.27574992071491E-06	0.907909773233599	-0.90791804898352
12.9046	0.000110226078380161	0.941539139734302	-0.941649365812683
13.0188	0.000219667195682288	0.986390281884884	-0.986609949080566
13.133	0.000329314962108969	1.05563175667888	-1.05596107164099
13.2472	0.000429704334509605	1.15909701588446	-1.15952672021897
13.3614	0.000522703332679613	1.31345464296826	-1.31397734630094
13.4756	-0.451041869903183	0.930683804549307	-0.479641934646124
13.5898	-0.712371961269439	0.712734084836884	-0.000362123567445472
13.704	-0.739432970768559	0.739411034896041	2.19358725181973E-05
13.8182	-0.767392998375905	0.767478445536497	-8.54471605916673E-05
13.9324	-0.801404942441697	0.801605071940795	-0.000200129499097979
14.0466	-0.857904244065171	0.858214273385648	-0.000310029320476302
14.1608	-0.946710461930905	0.947122494124766	-0.000412032193861434
14.275	-1.08258584371382	1.08309498451356	-0.000509140799743513
14.3892	-0.702336805870384	0.266243701124404	0.436093104745981
14.5034	-0.591328953300988	0.000131600325364356	0.591197352975624
14.6176	-0.611856368238503	-3.539604771181E-05	0.611891764286215
14.7318	-0.633853116830611	7.39413347565646E-05	0.633779175495854
14.846	-0.661599888996284	0.000190960949463256	0.661408928046821
14.9602	-0.710623019512691	0.00030058172430996	0.710322437788381
15.0744	-0.791126750473696	0.000406399446651447	0.790720351027045
15.1886	-0.917916887046453	0.000502454136950767	0.917414432909502
15.3028	-0.114399511516743	-0.423826244087362	0.538225755604105
15.417	2.72366933194018E-05	-0.501336347532175	0.501309110838855
15.5312	4.29325294082072E-05	-0.518038431384635	0.517995498855227
15.6454	-7.23652110207327E-05	-0.534543462643032	0.534615827854053
15.7596	-0.000190623813896871	-0.558167593108678	0.558358216922575
15.8738	-0.000302752157558881	-0.602045934609369	0.602348686766928
15.988	-0.000406812940196061	-0.678255770794605	0.678662583734801
16.1022	-0.000502619452503159	-0.801931692080403	0.802434311532906
16.2164	0.408815627796537	-0.423922048844967	0.0151064210484311
16.3306	0.27451208019007	-0.602086183719499	0.327574103529429
16.4448	0.447201868232657	-0.447490983250128	0.000289115017471309
16.559	0.460448928209366	-0.460532711761286	8.3783551919514E-05
16.6732	0.480925293459165	-0.481124255117393	0.000198961658227859
16.7874	0.522699806717512	-0.523011467213079	0.00031166049556719
16.9016	0.597647623846249	-0.598059734188446	0.000412110342197236
17.0158	0.721761397266123	-0.722272780437512	0.000511383171388324
17.13	0.34682660877075	0.0482269778995656	-0.395053586670316
17.2442	0.53980720597309	-0.300409406658842	-0.239397799314248
17.3584	0.395242976114782	-0.000273717247228633	-0.394969258867554
17.4726	0.404621374688099	-9.66430695411087E-05	-0.404524731618557
17.5868	0.424284694779694	-0.000214115872950407	-0.424070578906744
17.701	0.465890958141613	-0.000322353145493295	-0.46556860499612
17.8152	0.54244712640565	-0.000426564279631092	-0.542020562126019
17.9294	0.671926401171217	-0.000523931388452362	-0.671402469782765
18.0436	-0.0811768763874888	0.38047317161851	-0.299296295231021
18.1578	0.282903943600001	0.211970806188358	-0.494874749788359
18.272	0.000271652077118045	0.355716296799939	-0.355987948877057
18.3862	0.000116891172285116	0.363108236473408	-0.363225127645693
18.5004	0.000231012941350594	0.381836078583262	-0.382067091524612
18.6146	0.000343084879201422	0.425311807594459	-0.425654892473661
18.7288	0.000444652208036824	0.506709855238343	-0.50715450744638
18.843	0.000541428078720492	0.643733947611754	-0.644275375690474
18.9572	-0.364288172370682	0.276643134465111	0.087645037905571
19.0714	-0.181845680491684	0.476606869720776	-0.294761189229093
19.1856	-0.328082973011015	0.328390505882809	-0.000307532871793914
19.2998	-0.334583266050971	0.334723863474241	-0.000140597423269662
19.414	-0.354014065015114	0.354270411756558	-0.00025634674144398
19.5282	-0.401504121460601	0.401871592935371	-0.000367471474769565
19.6424	-0.49051281410051	0.490978932563096	-0.000466118462585707
19.7566	-0.638621229266626	0.639183119843373	-0.000561890576746604
19.8707999999999	-0.276291454602085	-0.0737077065332967	0.349999161135382
19.9849999999999	-0.483917334583308	0.338565912904346	0.145351421678963
20.0991999999999	-0.312393298300467	0.000378596131877962	0.312014702168589
20.2133999999999	-0.317525865437069	0.000169823721842587	0.317356041715226
20.3275999999999	-0.339404460276671	0.000286068013069612	0.339118392263601
20.4417999999999	-0.393379800813289	0.000392171491562256	0.392987629321727
20.5559999999999	-0.493020521628753	0.000494242038551688	0.492526279590202
20.6701999999999	-0.000204315055828241	-0.254458555141583	0.254662870197412
20.7843999999999	0.00016816496664476	-0.259890859856156	0.259722694889511
20.8985999999999	4.75099760077891E-05	-0.256591002893195	0.256543492917187
21.0127999999999	-7.41300398302467E-05	-0.253550446866259	0.253624576906089
21.1269999999999	-0.000199498374173589	-0.260637361669778	0.260836860043951
21.2411999999999	-0.000316878824446954	-0.288926697945827	0.289243576770275
21.3553999999999	-0.00042241632983621	-0.352129484497074	0.352551900826911
21.4695999999999	-0.000522793241473172	-0.467861689297953	0.468384482539426
21.5837999999999	0.235800301411258	-0.23600951966885	0.000209218257592042
21.6979999999999	0.23513268935794	-0.234999253164161	-0.000133436193779452
21.8121999999999	0.229929406888028	-0.229915830056359	-1.35768316683604E-05
21.9263999999999	0.226750755100054	-0.226866124178841	0.000115369078787286
22.0405999999999	0.237148088107888	-0.237387538600452	0.00023945049256463
22.1547999999999	0.272544279482528	-0.272892956678775	0.000348677196247538
22.2689999999999	0.348344095419942	-0.348798848206015	0.000454752786073709
22.3831999999999	0.481058626751988	-0.481608341010165	0.000549714258176848
22.4973999999999	0.233634072828535	-0.000257868259362415	-0.233376204569172
22.6115999999999	0.227529471617134	9.1231263295798E-05	-0.22762070288043
22.7257999999999	0.219853451111584	-2.570389020066E-05	-0.219827747221384
22.8399999999999	0.21790748144292	-0.000155805372648631	-0.217751676070271
22.9541999999999	0.23346153399556	-0.000276222615636411	-0.233185311379924
23.0683999999999	0.27872588970347	-0.000388131936414451	-0.278337757767055
23.1825999999999	0.370161464267187	-0.00048979882776551	-0.369671665439421
23.2967999999999	7.34230827125759E-05	0.192978196957213	-0.193051620039926
23.4109999999999	-0.000178341087860614	0.193351231165341	-0.19317289007748
23.5251999999999	-5.50956539060763E-05	0.184830733530029	-0.184775637876123
23.6393999999999	7.28928366542791E-05	0.17666802723236	-0.176740920069015
23.7535999999999	0.000199867986839392	0.178605105673716	-0.178804973660555
23.8677999999999	0.000317749938185447	0.201475995328911	-0.201793745267097
23.9819999999999	0.000424038227754943	0.2604881181258	-0.260912156353555
24.0961999999999	0.000523652920048265	0.371802095012332	-0.37232574793238
24.2103999999999	-0.183650664132103	0.183766612795569	-0.000115948663465815
24.3245999999999	-0.178331809460997	0.178199428844733	0.000132380616263722
24.4387999999999	-0.167625884558828	0.167615163176828	1.07213819997842E-05
24.5529999999999	-0.160021372575331	0.160143173574149	-0.000121800998818145
24.6671999999999	-0.167575515299089	0.16781959663602	-0.000244081336931573
24.7813999999999	-0.200865599079127	0.201226415845376	-0.000360816766249134
24.8955999999999	-0.276218957062187	0.276682580883012	-0.000463623820825487
25.0097999999999	-0.409538552677216	0.410095980648419	-0.000557427971202396
25.1239999999999	-0.193418252359481	0.000195279968275397	0.193222972391205
25.2381999999999	-0.182385032909402	-8.28376462499985E-05	0.182467870555652
25.3523999999999	-0.170199256403273	4.02099738364776E-05	0.170159046429436
25.4665999999999	-0.165482160421827	0.00017051676020787	0.165311643661619
25.5807999999999	-0.179099626381169	0.000290944322517097	0.178808682058652
25.6949999999999	-0.225022054618067	0.000401446026909551	0.224620608591158
25.8091999999999	-0.320353510846618	0.000504152524771248	0.319849358321846
25.9233999999999	-3.6672086003664E-05	-0.161664412779749	0.161701084865753
26.0375999999999	0.000161420537146542	-0.156074107114714	0.155912686577567
26.1517999999999	3.94590358549766E-05	-0.142889782268933	0.142850323233078
26.2659999999999	-9.43595892504456E-05	-0.131235756705531	0.131330116294781
26.3801999999999	-0.000219947982256292	-0.132291542929033	0.132511490911289
26.4943999999999	-0.00034024052284613	-0.156991331766278	0.157331572289124
26.6085999999999	-0.000444607923952843	-0.220859805680898	0.221304413604851
26.7227999999998	-0.000540221128273232	-0.339024720708122	0.339564941836395
26.8369999999998	0.160520920087384	-0.160623761794406	0.000102841707022155
26.9511999999998	0.148944304141219	-0.14883500194436	-0.000109302196858591
27.0653999999998	0.134282009481091	-0.134298561456393	1.65519753020649E-05
27.1795999999998	0.125124145647559	-0.125274170400161	0.000150024752601563
27.2937999999998	0.133346759460592	-0.133616719878903	0.000269960418310011
27.4079999999998	0.170688052118576	-0.171073029228457	0.000384977109881418
27.5221999999998	0.255216091496344	-0.255704660204629	0.000488568708284953
27.6363999999998	0.400699068937442	-0.401279995618091	0.000580926680648908
27.7505999999998	0.182384629406467	-0.000215612384233621	-0.182169017022233
27.8647999999998	0.16622100812484	5.54261943463542E-05	-0.166276434319186
27.9789999999998	0.1506915917372	-7.3346353710656E-05	-0.15061824538349
28.0931999999998	0.145529926318624	-0.000201754543307674	-0.145328171775317
28.2073999999998	0.162838384278305	-0.000324919972413045	-0.162513464305892
28.3215999999998	0.2178661749522	-0.000433062646832736	-0.217433112305367
28.4357999999998	0.324200619023709	-0.000529076129673829	-0.323671542894035
28.5499999999998	7.04682727849515E-05	0.153238288416354	-0.153308756689139
28.6641999999998	-0.000127606608171288	0.140324601804524	-0.140196995196353
28.7783999999998	-3.84210579545881E-07	0.122818392394643	-0.122818008184063
28.8925999999998	0.00013600554075775	0.109993346671197	-0.110129352211954
29.0067999999998	0.000255729504798883	0.113249189564087	-0.113504919068886
29.1209999999998	0.000374020143680513	0.14432320109602	-0.144697221239701
29.2351999999998	0.000478372516999379	0.220636389330643	-0.221114761847642
29.3493999999998	0.000572292985190911	0.356414588101985	-0.356986881087175
29.4635999999998	-0.159732189025531	0.159890320207545	-0.000158131182013577
29.5777999999998	-0.141964942379453	0.141897438428583	6.75039508704622E-05
29.6919999999998	-0.123892454275183	0.123952919079408	-6.04648042245998E-05
29.8061999999998	-0.115516939415447	0.115708459322401	-0.000191519906953971
29.9203999999998	-0.128307767900333	0.128622598193318	-0.000314830292984569
30.0345999999998	-0.176841457031152	0.177264954422326	-0.000423497391173811
30.1487999999998	-0.277886022535663	0.278410750170704	-0.000524727635040634
30.2629999999998	-0.131437249224791	1.5156511394887E-05	0.131422092713396
30.3771999999998	-0.117639759302108	-0.000138437708981549	0.117778197011089
30.4913999999998	-0.098465053255427	-1.10887374967623E-05	0.0984761419929237
30.6055999999998	-0.0832612656712363	0.000125040979443002	0.0831362246917933
30.7197999999998	-0.083957257581851	0.000250839668074383	0.0837064179137766
30.8339999999998	-0.111792386827797	0.000369513795210165	0.111422873032587
30.9481999999998	-0.184849167023489	0.000473922898869319	0.184375244124619
31.0623999999998	-0.314292520661354	0.000566106703040972	0.313726413958313
31.1765999999998	-0.000107534245606	-0.138568831269748	0.138676365515354
31.2907999999998	7.38078060369806E-05	-0.119565802047708	0.119491994241671
31.4049999999998	-5.41795849268685E-05	-0.0997604803680455	0.0998146599529724
31.5191999999998	-0.000189922259775062	-0.0896535696109926	0.0898434918707677
31.6333999999998	-0.000307129651658729	-0.100083116855766	0.100390246507425
31.7475999999998	-0.000419513351138355	-0.145473832326467	0.145893345677605
31.8617999999998	-0.000521880235072963	-0.243034733287125	0.243556613522198
31.9759999999998	0.11449455088535	-0.114469852672276	-2.46982130731599E-05
32.0901999999998	0.0992620433088801	-0.0991191959031205	-0.000142847405759525
32.2043999999998	0.0788465875589822	-0.0788314703407114	-1.51172182707576E-05
32.3185999999998	0.0624019212903487	-0.06252307016505	0.000121148874701271
32.4327999999998	0.060948637631511	-0.0611965644085117	0.000247926777000675
32.5469999999998	0.0868562421548664	-0.087223389253282	0.000367147098415635
32.6611999999998	0.157237990839626	-0.157710270613646	0.000472279774020062
32.7753999999998	0.285310011455779	-0.285875902484583	0.0005658910288035
32.8895999999998	0.124173409064255	-7.68971713939748E-05	-0.124096511892861
33.0037999999998	0.103573789503771	7.61214956546826E-05	-0.103649910999425
33.1179999999998	0.0828698891640211	-5.12849467522565E-05	-0.0828186042172689
33.2321999999998	0.0708856723383185	-0.000186015662790307	-0.0706996566755281
33.3463999999998	0.0812991367629098	-0.000310086964732245	-0.0809890497981776
33.4605999999998	0.125935136300754	-0.000420525467068244	-0.125514610833686
33.5747999999998	0.223146222638892	-0.00052315079585062	-0.222623071843041
33.6889999999998	-4.82611138544198E-05	0.104726288874236	-0.104678027760382
33.8031999999998	-0.000145673161382868	0.088223019656801	-0.0880773464954182
33.9173999999998	-1.36618289071232E-05	0.0669270509424927	-0.0669133891135856
34.0315999999998	0.000122092716798584	0.0493788194589054	-0.049500912175704
34.1457999999998	0.000252101513658375	0.0478024289348808	-0.0480545304485391
34.26	0.000365887387933364	0.0723321238229682	-0.0726980112109016
34.3742000000002	0.000473083486262876	0.14199261905302	-0.142465702539283
34.4884000000002	0.000567144944849308	0.269902250815796	-0.270469395760646
34.6026000000002	-0.115188010443654	0.115250837780292	-6.2827336637622E-05
34.7168000000002	-0.0931960223663651	0.0931216383668982	7.43839994669648E-05
34.8310000000002	-0.0718628400158604	0.0719168101265013	-5.39701106408441E-05
34.9452000000002	-0.0590330681929622	0.0592212684545891	-0.000188200261626866
35.0594000000002	-0.0687588415585733	0.0690715493925968	-0.000312707834023429
35.1736000000002	-0.113173613328924	0.113595972642617	-0.000422359313692985
35.2878000000002	-0.209829300209646	0.210353809720123	-0.00052450951047725
35.4020000000002	-0.096273664259954	-5.63721592170552E-05	0.0963300364191711
35.5162000000002	-0.0786604598722418	-0.000142609771590511	0.0788030696438324
35.6304000000002	-0.0563321127723458	-8.21535639188511E-06	0.0563403281287376
35.7446000000002	-0.0384426265862543	0.000123486923345956	0.0383191396629083
35.8588000000002	-0.0357327202131447	0.000253666956646107	0.0354790532564986
35.9730000000002	-0.0617398598370244	0.000372560325798235	0.0613672995112262
36.0872000000002	-0.133107651609608	0.000477654559455412	0.132629997050153
36.2014000000002	-0.263694032876365	0.000572369783651301	0.263121663092714
36.3156000000002	-5.81666597213037E-05	-0.111277807961071	0.111335974620793
36.4298000000002	7.14643200851818E-05	-0.0883129650242184	0.0882415007041332
36.5440000000002	-5.99228470935047E-05	-0.0659778524152365	0.06603777526233
36.6582000000002	-0.000193485297838095	-0.0529456864542519	0.05313917175209
36.7724000000002	-0.000319637198511752	-0.0628394929934636	0.0631591301919754
36.8866000000002	-0.000426860598261278	-0.108761265761967	0.109188126360228
37.0008000000002	-0.000528725276140986	-0.207075065906441	0.207603791182582
37.1150000000002	0.092929311032548	-0.0928749842028122	-5.43268297357319E-05
37.2292000000002	0.0741133852114037	-0.0739764714904397	-0.000136913720963944
37.3434000000002	0.0503359637012981	-0.0503325208249803	-3.4428763177885E-06
37.4576000000002	0.032280884091643	-0.0324131768426803	0.000132292751037356
37.5718000000002	0.0300626016214796	-0.0303236985186399	0.000261096897160248
37.6860000000002	0.0569296375692597	-0.0573088216457912	0.000379184076531598
37.8002000000002	0.12969766141077	-0.130179937270983	0.000482275860213571
37.9144000000002	0.261882784371565	-0.262459260781791	0.000576476410225957
38.0286000000002	0.10860005838991	-6.5975078760383E-05	-0.108534083311149
38.1428000000002	0.0843017167762386	6.32304759528108E-05	-0.0843649472521914
38.2570000000002	0.0614118438422035	-7.17716948501032E-05	-0.0613400721473534
38.3712000000002	0.0485443935891652	-0.000197757519263512	-0.0483466360699017
38.4854000000002	0.0592742443397528	-0.000326294086703273	-0.0589479502530495
38.5996000000002	0.107616173081233	-0.00043418021139749	-0.107181992869835
38.7138000000002	0.209334512387451	-0.000535636185109224	-0.208798876202342
38.8280000000002	-4.44773810598653E-05	0.0911499093594398	-0.0911054319783799
38.9422000000002	-0.000127773178347072	0.0707145952802855	-0.0705868221019385
39.0564000000002	4.98902893110656E-06	0.046111428080539	-0.0461164171094701
39.1706000000002	0.000142529597449479	0.0278060793417618	-0.0279486089392113
39.2848000000003	0.00026848734833241	0.0263688772729115	-0.0266373646212439
39.3990000000003	0.000386692345960231	0.0547054518269369	-0.0550921441728972
39.5132000000003	0.000491697669684802	0.131361048273336	-0.13185274594302
39.6274000000003	0.000584227357229889	0.268784765914581	-0.269368993271811
39.7416000000003	-0.109568349006526	0.109652005664258	-8.36566577323145E-05
39.8558000000003	-0.0845847739502888	0.0845290073442052	5.57666060836265E-05
39.9700000000003	-0.060766019205566	0.0608447457455506	-7.87265399845236E-05
40.0842000000003	-0.0483107182107847	0.0485221477525906	-0.000211429541805877
40.1984000000003	-0.0604064484017142	0.0607431301716844	-0.000336681769970162
40.3126000000003	-0.111796438517269	0.112241421427911	-0.000444982910642794
40.4268000000003	-0.217867147834865	0.21840995971425	-0.000542811879385069
40.5410000000003	-0.0929207650422354	-2.62842879651393E-05	0.0929470493302006
40.6552000000003	-0.0706408370334578	-0.000116154630875586	0.0707569916643334
40.7694000000003	-0.0453532482276921	1.61554295674677E-05	0.0453370927981246
40.8836000000003	-0.0264353500289551	0.000154513574322689	0.0262808364546324
40.9978000000003	-0.0271781221293171	0.000280786675079245	0.0268973354542378
41.1120000000003	-0.0586551020904041	0.000397283623253538	0.0582578184671505
41.2262000000003	-0.139456683138857	0.00050155060589087	0.138955132532967
41.3404000000003	0.000163003204731005	-0.0680812363678573	0.0679182331631263
41.4546000000003	0.00017777816593629	-0.0508738293628758	0.0506960511969395
41.5688000000003	4.28053869394056E-05	-0.0262132300490705	0.0261704246621311
41.6830000000003	-9.26970572993491E-05	-0.0043296899865707	0.00442238704387005
41.7972000000003	-0.000227316080345501	0.000384690834335503	-0.000157374753990002
41.9114000000003	-0.000345704631294995	-0.0194519884340183	0.0197976930653133
42.0256000000003	-0.000453965412122728	-0.0764530096698989	0.0769069750820217
42.1398000000003	-0.000551319880388858	-0.189202061997388	0.189753381877776
42.2540000000003	0.0770876972376977	-0.0770451607236675	-4.25365140302863E-05
42.3682000000003	0.0538390067111214	-0.0537368655201909	-0.000102141190930494
42.4824000000003	0.0288801663875076	-0.0289102209134804	3.00545259727843E-05
42.5966000000003	0.0114813825568866	-0.0116490837760107	0.000167701219124138
42.7108000000003	0.0180841260136421	-0.0183786848586974	0.000294558845055259
42.8250000000003	0.0533175446884389	-0.0537240972999939	0.000406552611555012
42.9392000000003	0.13909853986868	-0.139609540052665	0.000511000183984506
43.0534000000003	0.0648953581472367	0.000149109836273198	-0.0650444679835099
43.1676000000003	0.0463089790964783	0.000163884028329335	-0.0464728631248076
43.2818000000003	0.0214660525206113	2.52437052552844E-05	-0.0214912962258666
43.3960000000003	-0.000396450567493531	-0.000105463403013203	0.000501913970506734
43.5102000000003	-0.00334052417500377	-0.000237619832791683	0.00357814400779545
43.6244000000003	0.0202069143523089	-0.000359370654202152	-0.0198475436981067
43.7386000000003	0.0827879776511598	-0.000465647200057229	-0.0823223304511026
43.8528000000003	0.202272188255372	-0.00056135318641724	-0.201710835068955
43.9670000000003	-1.68537584245565E-05	0.0808264158180274	-0.0808095620596028
44.0812000000003	-8.85012064988694E-05	0.0568494353678896	-0.0567609341613907
44.1954000000003	4.47389421819716E-05	0.0320543097261582	-0.0320990486683402
44.3096000000003	0.000179942007100388	0.0154475234399536	-0.015627465447054
44.4238000000003	0.000310311288009232	0.0133825094159646	-0.0136928207039738
44.5380000000003	0.000418195285745058	0.0539238612728718	-0.0543420565586168
44.6522000000003	0.000521884302656275	0.145780256969254	-0.14630214127191
44.7664000000003	-0.0650010496992834	0.0648733722705194	0.000127677428764031
44.8806000000003	-0.0451534503142657	0.0450012244350763	0.000152225879189366
44.9948000000003	-0.0198887103184824	0.0198731129642915	1.55973541909118E-05
45.1090000000003	-0.00315378486992058	0.00327577158847435	-0.00012198671855377
45.2232000000003	-0.00175204868769084	0.00200325119023657	-0.000251202502545732
45.3374000000003	0.000838974286996954	-0.000484548534432995	-0.000354425752563959
45.4516000000003	-0.0682230678260771	0.0686988980352356	-0.000475830209158437
45.5658000000004	-0.194892355464328	0.195462221594253	-0.000569866129924462
45.6800000000004	-0.0759886796270692	-1.04658338839769E-05	0.0759991454609531
45.7942000000004	-0.0509963513853759	-7.39198384970355E-05	0.051070271223873
45.9084000000004	-0.026547441500887	6.02722866423024E-05	0.0264871692142446
46.0226000000004	-0.0119734642382347	0.000194369547431201	0.0117790946908035
46.1368000000004	-0.00403993882944993	0.000309338783727669	0.00373060004572226
46.2510000000004	-0.0502101544369252	0.000431073618322641	0.0497790808186025
46.3652000000004	-0.147838194506603	0.000529814883747108	0.147308379622856
46.4794000000004	0.000114836028340642	-0.0626902737964509	0.0625754377681103
46.5936000000004	0.000134718098408854	-0.0418400598554608	0.0417053417570519
46.7078000000004	4.29351513937375E-07	-0.0163782863843134	0.0163778570327994
46.8220000000004	-0.000139062514487795	-0.00103341494217039	0.00117247745665819
46.9362000000004	-0.000262879090044279	-0.0024286799141668	0.00269155900421108
47.0504000000004	-0.000383715520468065	-0.0272739888747731	0.0276577043952412
47.1646000000004	-0.000488113943017662	-0.100984450157314	0.101472564100331
47.2788000000004	-0.000581000237230231	-0.235187747808239	0.235768748045469
47.3930000000004	0.0925400656598694	-0.0925836868357541	4.36211758847171E-05
47.5072000000004	0.0664707062136441	-0.0664131243231534	-5.75818904907238E-05
47.6214000000004	0.0417455552738784	-0.0418207270646967	7.51717908182917E-05
47.7356000000004	0.0280317179841592	-0.0282419095804171	0.000210191596257972
47.8498000000004	0.0383029573895472	-0.0386353585010866	0.000332401111539392
47.9640000000004	0.0878804365746188	-0.0883223938961044	0.000441957321485609
48.0782000000004	0.191767883856872	-0.192309871288446	0.000541987431574464
48.1924000000004	0.0795756174668722	5.48500110623962E-05	-0.0796304674779346
48.3066000000004	0.0566393210065306	0.000116156423883914	-0.0567554774304145
48.4208000000004	0.030502719501692	-1.21259452569709E-05	-0.030490593556435
48.5350000000004	0.010842150352383	-0.000152349657022468	-0.0106898006953606
48.6492000000004	0.0143020760726764	-0.000279386000484771	-0.0140226900721916
48.7634000000004	0.0441699871255104	-0.000396421399145728	-0.0437735657263647
48.8776000000004	0.123527381635331	-0.000501251067814272	-0.123026130567517
48.9918000000004	-0.00017920648101187	0.0598327575920446	-0.0596535511110327
49.1060000000004	-0.000179156383994698	0.0417866268132153	-0.0416074704292206
49.2202000000004	-4.26421957724705E-05	0.0163527315352027	-0.0163100893394303
49.3344000000004	9.05563587455093E-05	-0.00212972998852215	0.00203917362977664
49.4486000000004	0.000225225362300966	-0.00843072599844303	0.00820550063614206
49.5628000000004	0.000348257499729126	0.0113397061516513	-0.0116879636513804
49.6770000000004	0.000455535588000625	0.068244000549473	-0.0686995361374736
49.7912000000004	0.000554174285416386	0.180994657401233	-0.181548831686649
49.9054000000004	-0.0731526148719056	0.0731000935468472	5.25213250583412E-05
50.0196000000004	-0.0492632615213703	0.0491603643252166	0.000102897196153751
50.1338000000004	-0.0231044468245751	0.0231365003990779	-3.2053574502814E-05
50.2480000000004	0.000613473227610895	-0.000451260455774063	-0.000162212771836832
50.3622000000004	-0.0066098393330022	0.00690630821460427	-0.000296468881602065
50.4764000000004	-0.0418933533583902	0.0423020205380311	-0.000408667179640998
50.5906000000004	-0.12807504090706	0.128587973837226	-0.000512932930166021
50.7048000000004	-0.0589367025587375	-0.000159131079393082	0.0590958336381305
50.8190000000004	-0.0391057262777125	-0.000163188624909635	0.0392689149026222
50.9332000000004	-0.0133411591588089	-2.72236282176403E-05	0.0133683827870266
51.0474000000004	0.00371836417365795	0.000109572000446767	-0.00382793617410472
51.1616000000004	0.00727805224195308	0.000240874700725159	-0.00751892694267824
51.2758000000004	-0.0170487730480964	0.000364809886845894	0.0166839631612505
51.3900000000004	-0.0794067554650451	0.000465776687020773	0.0789409787780243
51.5042000000004	-0.198870509391122	0.000563199063894109	0.198307310327228
51.6184000000004	1.78266260188464E-05	-0.0782333837603862	0.0782155571343673
51.7326000000004	8.48270325152971E-05	-0.0530015413540236	0.0529167143215082
51.8468000000004	-4.97436069377701E-05	-0.0270399608945094	0.0270897045014471
51.9610000000005	-0.000183671406124519	-0.0102000762632178	0.0103837476693424
52.0752000000005	-0.000311122677114001	-0.0195771972882002	0.0198883199653142
52.1894000000005	-0.000422285413867246	-0.0599688254620298	0.060391110875897
52.3036000000005	-0.000524285137206404	-0.152191183714873	0.15271546885208
52.4178000000005	0.0661427855726245	-0.0660233489805845	-0.000119436592040015
52.5320000000005	0.0447714100980027	-0.0446261860885205	-0.000145224009482275
52.6462000000005	0.018419826299388	-0.0184092124768992	-1.06138224888371E-05
52.7604000000005	0.00170567854042819	-0.00183655957432579	0.000130881033897596
52.8746000000005	8.84946524431153E-05	-0.000340761466844368	0.000252266814401253
52.9888000000005	0.024939313791528	-0.0253152728753518	0.000375959083823762
53.1030000000005	0.0943683944861029	-0.0948497513229746	0.000481356836871657
53.2172000000005	0.222770572401945	-0.22334624574417	0.000575673342225275
53.3314000000005	0.0870412441973016	-2.31005566568299E-05	-0.0870181436406448
53.4456000000005	0.0603992707243415	6.75747031021487E-05	-0.0604668454274436
53.5598000000005	0.034658978907937	-6.58132015117662E-05	-0.0345931657064252
53.6740000000005	0.0197942986297455	-0.000201435163266226	-0.0195928634664793
53.7882000000005	0.0279150177237629	-0.000326174549372352	-0.0275888431743906
53.9024000000005	0.0739834634701342	-0.000436086755138856	-0.0735473767149954
54.0166000000005	0.174118611484401	-0.000536776374349458	-0.173581835110052
54.1308000000005	-8.10060512698163E-05	0.0718023127889983	-0.0717213067377285
54.2450000000005	-0.000124596010136209	0.0490916997580049	-0.0489671037478687
54.3592000000005	3.6049590762919E-06	0.0221032297958869	-0.0221068347549632
54.4734000000005	0.000144742322612061	0.00461194100647368	-0.00475668332908574
54.5876000000005	0.000272762496430443	0.00628764809569308	-0.00656041059212352
54.7018000000005	0.000391190456659587	0.0333359365181497	-0.0337271269748093
54.8160000000005	0.000496061209196573	0.109570999679729	-0.110067060888926
54.9302000000005	0.000588151198478675	0.247423885475491	-0.248012036673969
55.0444000000005	-0.0966973722570105	0.0967604051281384	-6.30328711278827E-05
55.1586000000005	-0.068907774675476	0.0688597143527817	4.80603226943044E-05
55.2728000000005	-0.0430053530829051	0.0430894026338659	-8.40495509608075E-05
55.3870000000005	-0.0291644608544801	0.0293831690621659	-0.000218708207685811
55.5012000000005	-0.0409738232481565	0.0413168584644897	-0.000343035216333207
55.6154000000005	-0.0932902707360934	0.0937417503253282	-0.000451479589234749
55.7296000000005	-0.20129413397222	0.201844966990986	-0.000550833018766017
55.8438000000005	-0.0817546354173349	-3.74287663256478E-05	0.0817920641836605
55.9580000000005	-0.0566084621891571	-0.000108800882132795	0.0567172630712899
56.0722000000005	-0.0294658421623116	2.61106360147341E-05	0.0294397315262969
56.1864000000005	-0.00944447218241736	0.000163745238218706	0.00928072694419866
56.3006000000005	-0.0140521462225901	0.000292500766839795	0.0137596454557503
56.4148000000005	-0.046865746209094	0.000405370140428591	0.0464603760686654
56.5290000000005	-0.129567505594884	0.000510392804172617	0.129057112790711
56.6432000000005	0.000162889364572455	-0.0590884816020628	0.0589255922374904
56.7574000000005	0.00016760896218348	-0.0384684464457934	0.0383008374836099
56.8716000000005	3.07880886198581E-05	-0.0114346797845693	0.0114038916959495
56.9858000000005	-0.000106078273996546	0.00724715572280807	-0.00714107744881153
57.1	-0.00023791447175502	0.0125713360163827	-0.0123334215446277
57.2141999999995	-0.000362039118062503	-0.0104621854929279	0.0108242246109904
57.3283999999995	-0.000464558240782914	-0.0700321099676768	0.0704966682084597
57.4425999999995	-0.000561935926451156	-0.187295536819331	0.187857472745782
57.5567999999995	0.0722812914852468	-0.0722496310586185	-3.16604266282633E-05
57.6709999999995	0.0459614750804846	-0.0458739761816486	-8.74988988359415E-05
57.7851999999995	0.0193552790480823	-0.0194033611328061	4.80820847237919E-05
57.8993999999995	0.00542694227528896	-0.00560856079011087	0.000181618514821916
58.0135999999995	0.0138275567881928	-0.0141377649582433	0.000310208170050492
58.1277999999995	0.0525388700396391	-0.0529601230547942	0.000421253015155151
58.2419999999995	0.143616152102692	-0.144140338878931	0.000524186776239305
58.3561999999995	0.0610734279924684	0.000129780677839669	-0.0612032086703081
58.4703999999995	0.0387944588575175	0.000146372865242707	-0.0389408317227602
58.5845999999995	0.0117014175410711	1.11637088665211E-05	-0.0117125812499377
58.6987999999995	-0.00548842742041809	-0.00012944828767371	0.0056178757080918
58.8129999999995	-0.00788418486798015	-0.000253203541393389	0.00813738840937354
58.9271999999995	0.0185943818617223	-0.000376699611828324	-0.018217682249894
59.0413999999995	0.0870338113915465	-0.000482144944449126	-0.0865516664470973
59.1555999999995	0.215260084098193	-0.000576256037695326	-0.214683828060498
59.2697999999995	1.53775990131277E-05	0.0819382839308921	-0.0819536615299053
59.3839999999995	-6.7266547287507E-05	0.0546695277916545	-0.054602261244367
59.4981999999995	6.65118722060155E-05	0.028091785977117	-0.028158297849323
59.6123999999995	0.000202726256228102	0.0120157346460505	-0.0122184609022786
59.7265999999995	0.000312063966443178	-0.000784779157355845	0.000472715190912667
59.8407999999995	0.000437796247273775	0.0454108142839804	-0.0458486105312542
59.9549999999995	0.000538119925087361	0.14600917098943	-0.146547290914518
60.0691999999995	-0.0581909438363749	0.0580831988096076	0.000107745026767324
60.1833999999995	-0.0346197912956114	0.0344963419683504	0.000123449327260938
60.2975999999995	-0.0074891838350043	0.00749523963775353	-6.05580274923301E-06
60.4117999999995	0.00914724007494999	-0.00899994355755385	-0.000147296517396138
60.5259999999995	0.00740250858257573	-0.00712742126658002	-0.000275087315995714
60.6401999999995	-0.0242706260373236	0.024664162730141	-0.000393536692817362
60.7543999999995	-0.100627435124798	0.101125936547868	-0.000498501423069481
60.8685999999995	-0.240171529730703	0.240761648323551	-0.000590118592848493
60.9827999999995	-0.0920475242263973	5.83188826158709E-05	0.0919892053437814
61.0969999999995	-0.0635341911304105	-4.4998916105889E-05	0.0635791900465164
61.2111999999995	-0.0374145870713905	8.69146967175612E-05	0.0373276723746729
61.3253999999995	-0.0234148951744304	0.000222055373172644	0.0231928398012577
61.4395999999995	-0.0355635575781358	0.000346212341265009	0.0352173452368708
61.5537999999995	-0.0890327295057639	0.00045471257914132	0.0885780169266226
61.6679999999995	-0.199062535617804	0.000554301117962782	0.198508234499842
61.7821999999995	3.77331748241672E-05	-0.0790781177588753	0.0790403845840511
61.8963999999995	0.00010491906069757	-0.0533435666729041	0.0532386476122065
62.0105999999995	-3.0169043946676E-05	-0.0253800586059228	0.0254102276498695
62.1247999999995	-0.000171637045802861	0.000499922520219402	-0.000328285474416541
62.2389999999996	-0.00029665673912155	-0.0048644330267225	0.00516108976584405
62.3531999999996	-0.000409521586571944	-0.0384155888284681	0.03882511041504
62.4673999999996	-0.000514135515840045	-0.122786535497989	0.123300671013829
62.5815999999996	0.0547024023626379	-0.0545371680458495	-0.000165234316788464
62.6957999999996	0.0330523327386846	-0.0328892668098207	-0.000163065928863851
62.8099999999995	0.00543994892416435	-0.005413609462056	-2.63394621083483E-05
62.9241999999995	-0.013321226780251	0.0132099655153921	0.00011126126485891
63.0383999999995	-0.0183077270001956	0.0180645055767807	0.000243221423414913
63.1525999999995	0.0049791138390383	-0.00534662547521645	0.000367511636178149
63.2667999999995	0.0672121421098541	-0.0676809830133795	0.000468840903525475
63.3809999999995	0.186630524181806	-0.1871965053923	0.000565981210494726
63.4951999999995	0.0706488730490924	2.72977672594876E-05	-0.0706761708163519
63.6093999999995	0.0436583200046619	8.18831566382695E-05	-0.0437402031613002
63.7235999999995	0.0164157273985868	-5.33611925600077E-05	-0.0163623662060268
63.8377999999995	0.00304053616747472	-0.000188074521213636	-0.00285246164626109
63.9519999999995	0.0126226509317398	-0.000316059441163603	-0.0123065914905763
64.0661999999995	0.0533845061305695	-0.000427140797688342	-0.0529573653328812
64.1803999999995	0.146472246623111	-0.000528404678373778	-0.145943841944737
64.2945999999995	-0.000121804240543782	0.0606354297144461	-0.0605136254739023
64.4087999999995	-0.000140027910815094	0.0373166592773825	-0.0371766313665675
64.5229999999995	-4.72146309124651E-06	0.00953653073875974	-0.0095318092756685
64.6371999999995	0.000136755639039764	-0.00794723625789818	0.00781048061885842
64.7513999999995	0.000259733443628895	-0.00971246325847256	0.00945272981484366
64.8655999999995	0.000382261212539554	0.0179136582097025	-0.018295919422242
64.9797999999994	0.000487743792485951	0.0887662895598751	-0.089254033352361
65.0939999999994	0.000581452313439927	0.219972969940371	-0.220554422253811
65.2081999999994	-0.0831844479417174	0.0832107809966516	-2.63330549341856E-05
65.3223999999994	-0.0548125684251551	0.054753272700637	5.92957245181131E-05
65.4365999999994	-0.0279202003963064	0.0279950031399439	-7.48027436374837E-05
65.5507999999994	-0.0122126514939667	0.0124237879461497	-0.000211136452183023
65.6649999999994	0.000804325657362596	-0.000487188365868153	-0.000317137291494443
65.7791999999994	-0.0478204378564519	0.0482645287461381	-0.000444090889686201
65.8933999999994	-0.151366712668773	0.151910281894178	-0.000543569225404938
66.0075999999994	-0.0586401310464271	-9.5068839849749E-05	0.0587351998862768
66.1217999999994	-0.0341972898600912	-0.000115640057166412	0.0343129299172576
66.2359999999994	-0.00628581596445771	1.50866971247681E-05	0.00627072926733294
66.3501999999994	0.0100434037756482	0.000155579109402284	-0.0101989828850505
66.4643999999994	0.00711414820549279	0.000283355870320483	-0.00739750407581327
66.5785999999994	-0.0263255180488559	0.000399923453268644	0.0259255945955873
66.6927999999994	-0.105898577529025	0.000504972559924625	0.105393604969101
66.8069999999994	0.000194646290429201	-0.0489682666877287	0.0487736203972995
66.9211999999994	0.000175177303433835	-0.0287307918199819	0.0285556145165481
67.0353999999994	3.7062050716029E-05	-0.00170689871543016	0.00166983666471413
67.1495999999994	-9.56588882151462E-05	0.0180336287655257	-0.0179379698773106
67.2637999999993	-0.000230967369472025	0.0248413565732156	-0.0246103892037436
67.3779999999993	-0.000354254582758339	0.00470009579757114	-0.0043458412148128
67.4921999999993	-0.000461484211232398	-0.0530677688863047	0.0535292530975371
67.6063999999993	-0.000558702450888504	-0.167232282326156	0.167790984777044
67.7205999999993	0.0635955655944688	-0.0635361558269054	-5.94097675633704E-05
67.8347999999993	0.0375764491300574	-0.0374807928275585	-9.56563024989768E-05
67.9489999999993	0.0103583945557641	-0.0103983497358856	3.99551801214919E-05
68.0631999999993	-0.00428682649203238	0.00411085359147415	0.000175972900558232
68.1773999999993	0.00262301690686387	-0.00292745545910295	0.000304438552239074
68.2915999999993	0.0393039733091072	-0.0397204619602868	0.00041648865117961
68.4057999999993	0.12761032649202	-0.12813106813886	0.000520741646840156
68.5199999999993	0.0548898230149048	0.000150829712546846	-0.0550406527274516
68.6341999999993	0.0327720223901335	0.000155238889519897	-0.0329272612796534
68.7483999999993	0.00537714447948006	1.77525886389148E-05	-0.00539489706811897
68.8625999999993	-0.0126497652476945	-0.000120560908372819	0.0127703261560674
68.9767999999993	-0.0160352232663022	-0.000251044728673217	0.0162862679949754
69.0909999999993	0.0095181751510194	-0.000373506036242359	-0.00914466911477704
69.2051999999993	0.0754772124523943	-0.000477207269498616	-0.0750000051828957
69.3193999999993	0.199981249380982	-0.000571905305416228	-0.199409344075566
69.4335999999992	-6.5912318472916E-06	0.0754893299269973	-0.07548273869515
69.5477999999992	-7.35628162944208E-05	0.0480946326243265	-0.0480210698080321
69.6619999999992	6.1745954015083E-05	0.0210210970847074	-0.0210828430387224
69.7761999999992	0.000196812314237659	0.00813974363395933	-0.00833655594819699
69.8903999999992	0.00032377965989018	0.0185590858353224	-0.0188828654952126
70.0045999999992	0.000435216637105126	0.0629517261872334	-0.0633869428243385
70.1187999999992	0.000533352483163027	0.158800455157357	-0.15933380764052
70.2329999999992	-0.0648261871458702	0.0647253874158772	0.000100799729992981
70.3471999999992	-0.0410861157244105	0.0409547764933528	0.00013133923105773
70.4613999999992	-0.0130033830401588	0.0130072716772597	-3.88863710086562E-06
70.5755999999992	0.00432325190270293	-0.00417901995952782	-0.000144231943175116
70.6897999999992	0.00433492891509181	-0.00406570146509659	-0.000269227449995219
70.8039999999992	-0.0251951316018838	0.0255847203521397	-0.000389588750255979
70.9181999999992	-0.0992445206449717	0.0997389469644551	-0.000494426319483446
71.0323999999992	-0.234996588766433	0.235584018589307	-0.000587429822874769
71.1465999999992	-0.0894348838497613	4.88790210955437E-05	0.0893860048286658
71.2607999999992	-0.0605467388136155	-4.99152764942997E-05	0.0605966540901098
71.3749999999992	-0.0338990183031124	8.37722073134896E-05	0.0338152460957989
71.4891999999992	-0.0200535783171131	0.000220682261577211	0.0198328960555358
71.6033999999992	-0.0295965458192815	0.000340229096077665	0.0292563167232038
71.7175999999991	-0.0809265368611542	0.000450798790189353	0.0804757380709648
71.8317999999991	-0.187463577429157	0.000549915461374007	0.186913661967783
71.9459999999991	5.12833587803518E-05	-0.0734320048138666	0.0733807214550863
72.0601999999991	0.000107414406078458	-0.0476337738367202	0.0475263594306417
72.1743999999991	-2.57014691019824E-05	-0.0192150975101046	0.0192407989792066
72.2885999999991	-0.0001641505986834	-0.00254484668336843	0.00270899728205183
72.4027999999991	-0.000292255176708254	-0.00630179139345909	0.00659404657016735
72.5169999999991	-0.000406955540993804	-0.037734949462336	0.0381419050033298
72.6311999999991	-0.000511592836123208	-0.120106737243089	0.120618330079213
72.7453999999991	0.0536423489469377	-0.053471435990683	-0.000170912956254723
72.8595999999991	0.0318666135647932	-0.0317006141386732	-0.00016599942612
72.9737999999991	0.00415460170938165	-0.00412879030931946	-2.58114000621888E-05
73.0879999999991	-0.0153170112627071	0.0152131196072791	0.000103891655427971
73.2021999999991	-0.0211834187888848	0.0209434306176972	0.000239988171187602
73.3163999999991	0.000379270783780632	-0.000741347626327968	0.000362076842547337
73.4305999999991	0.0615740619043207	-0.0620432839181025	0.000469222013781828
73.5447999999991	0.1798211532396	-0.180386224536596	0.000565071296995956
73.6589999999991	0.0673522865649048	3.69109705386783E-05	-0.0673891975354435
73.7731999999991	0.0404181829573534	8.50172456812306E-05	-0.0405032002030346
73.887399999999	0.0130822343591801	-5.06275826854202E-05	-0.0130316067764947
74.001599999999	-0.00106292561223266	-0.000184567400221054	0.00124749301245371
74.115799999999	0.00749831919958649	-0.000313485294893639	-0.00718483390469285
74.229999999999	0.0472396811136463	-0.000424979447200054	-0.0468147016664463
74.344199999999	0.139638187386994	-0.000527966586002084	-0.139110220800992
74.458399999999	-0.000128378113437327	0.0574453067747054	-0.0573169286612681
74.572599999999	-0.000145651778507319	0.0343342514687844	-0.0341885996902771
74.686799999999	-7.58180259635664E-06	0.00616631362434315	-0.0061587318217468
74.800999999999	0.000131128885144102	-0.0116409045383173	0.0115097756531732
74.915199999999	0.00026076472959089	-0.0140358985324715	0.0137751338028807
75.029399999999	0.000381235521235167	0.0132482141065792	-0.0136294496278143
75.143599999999	0.000486725143054123	0.0831645183361093	-0.0836512434791634
75.257799999999	0.000579912141363981	0.213060322135073	-0.213640234276437
75.371999999999	-0.0800688558423107	0.0800870832057103	-1.82273633996255E-05
75.486199999999	-0.0516043852684357	0.0515416167414183	6.27685270174205E-05
75.600399999999	-0.0243392080366987	0.0244117759923066	-7.25679556078801E-05
75.714599999999	-0.00274065943492373	0.00294839409486477	-0.000207734659941037
75.828799999999	-0.0159197542198281	0.0162540636434374	-0.000334309423609333
75.942999999999	-0.0636197398026241	0.0640640919354042	-0.000444352132780157
76.057199999999	-0.165398808107326	0.165940477599197	-0.000541669491871399
76.1713999999989	-0.065417786034461	-8.32398074234464E-05	0.0655010258418845
76.2855999999989	-0.0402821562144463	-0.000119817432004342	0.0404019736464507
76.3997999999989	-0.0120050843057279	1.51685052204077E-05	0.0119899158005075
76.5139999999989	0.00519898843648585	0.000154702865537085	-0.00535369130202294
76.6281999999989	0.00279263602668062	0.000282018153906193	-0.00307465418058681
76.7423999999989	-0.0237859086682614	0.000398140475642377	0.023387768192619
76.8565999999989	-0.103022357713424	0.000504387788512613	0.102517969924912
76.9707999999989	0.00020046111903381	-0.0478782603528364	0.0476777992338026
77.0849999999989	0.000176836314709498	-0.0273537824121581	0.0271769460974486
77.1991999999989	3.99219106904479E-05	3.38633811440558E-06	-4.33082488048534E-05
77.3133999999989	-9.69197118922055E-05	0.0200861198403887	-0.0199892001284965
77.4275999999989	-0.00023213068000522	0.0269012761431291	-0.0266691454631239
77.5417999999989	-0.000352341411194298	0.00764149476191002	-0.00728915335071572
77.6559999999989	-0.000460390246528939	-0.049255768136077	0.049716158382606
77.7701999999989	-0.000557154182228421	-0.162733822476001	0.163290976658229
77.8843999999989	0.0608051230629168	-0.0607406257508004	-6.44973121164058E-05
77.9985999999989	0.0343869211304153	-0.0342911148389957	-9.58062914195798E-05
78.1127999999989	0.00684737176868416	-0.00688586191804996	3.84901493657962E-05
78.2269999999989	-0.00783886570287509	0.0076619859811608	0.000176879721714292
78.3411999999988	-0.000691401400059088	0.000385650768516157	0.00030575063154293
78.4553999999988	0.034832042013622	-0.0352467311046285	0.000414689091006525
78.5695999999988	0.122521792825226	-0.123041489883237	0.000519697058010402
78.6837999999988	0.0524069245402622	0.000157636297880473	-0.0525645608381427
78.7979999999988	0.0300145212370418	0.000154050835260837	-0.0301685720723026
78.9121999999988	0.00244967394808224	1.57435144126847E-05	-0.00246541746249492
79.0263999999988	-0.0158134919023608	-0.000118387783348232	0.015931879685709
79.1405999999988	-0.0192334104933118	-0.000250919796136139	0.0194843302894479
79.2547999999988	0.00555373348126464	-0.000372208252043287	-0.00518152522922136
79.3689999999988	0.071266126197136	-0.000477707843415793	-0.0707884183537202
79.4831999999988	0.195727776544523	-0.000572381522717871	-0.195155395021805
79.5973999999988	-1.03498538141233E-05	0.0730511433505014	-0.0730407934966873
79.7115999999988	-7.26044718838189E-05	0.0454386862242636	-0.0453660817523798
79.8257999999988	6.37487083873067E-05	0.0185460716377486	-0.0186098203461359
79.9399999999988	0.000194598114032473	0.00539680633592062	-0.00559140444995309
80.0541999999988	0.00032354651757688	0.0158347591981611	-0.016158305715738
80.1683999999988	0.000433603662622154	0.0594149739906128	-0.0598485776532349
80.2825999999988	0.000535807210085637	0.156360329314422	-0.156896136524508
80.3967999999988	-0.0632417383374092	0.0631399177961728	0.000101820541236489
80.5109999999988	-0.0392320447501632	0.0391001180789251	0.000131926671238139
80.6251999999987	-0.0111301593747494	0.0111344636647222	-4.30428997280977E-06
80.7393999999987	0.00641086657103607	-0.00626747115085089	-0.000143395420185183
80.8535999999987	0.0066749952778188	-0.00640435852870113	-0.000270636749117671
80.9677999999987	-0.0230708642996189	0.0234610964939862	-0.00039023219436727
81.0819999999987	-0.0975290900501875	0.0980244431167023	-0.000495353066514728
81.1961999999987	-0.233827984014169	0.23441621158524	-0.000588227571070188
81.3103999999987	-0.0883352163162382	5.14008870352578E-05	0.088283815429203
81.4245999999987	-0.0595308466083766	-5.28684277255365E-05	0.0595837150361021
81.5387999999987	-0.0328719562414396	8.42392558656107E-05	0.032787716985574
81.6529999999987	-0.0180442895204398	0.000218275331957632	0.0178260141884822
81.7671999999987	-0.0283612293571923	0.000344141971424594	0.0280170873857677
81.8813999999987	-0.0799995114898504	0.00045233945269296	0.0795471720371575
81.9955999999987	-0.18719143418594	0.000550920324162362	0.186640513861777
82.1097999999987	5.11149599336236E-05	-0.0731148338733836	0.07306371891345
82.2239999999987	0.000107143102954552	-0.0471513229351385	0.047044179832184
82.3381999999987	-2.61675864634181E-05	-0.0185192208957026	0.018545388482166
82.4523999999987	-0.000165417406606221	-0.00155086719154594	0.00171628459815216
82.5665999999987	-0.000292949524221913	-0.00590968787280954	0.00620263739703145
82.6807999999987	-0.000409143309712945	-0.0376700611396998	0.0380792044494128
82.7949999999986	-0.000514098617192311	-0.121491720097581	0.122005818714773
82.9091999999986	0.0544064310387223	-0.0542355601058817	-0.000170870932840635
83.0233999999986	0.0323929177838172	-0.0322272500087346	-0.000165667775082659
83.1375999999986	0.00447483490687162	-0.00444708350960883	-2.77513972627881E-05
83.2517999999986	-0.0152435036364938	0.0151348582074849	0.000108645429008899
83.3659999999986	-0.0210354853721957	0.0207934262930658	0.000242059079129942
83.4801999999986	0.000813238801811597	-0.0011767921764266	0.000363553374615001
83.5943999999986	0.0624654416216809	-0.0629357479962579	0.000470306374577033
83.7085999999986	0.181346209113618	-0.181911853481211	0.000565644367593821
83.8227999999986	0.067754207206587	3.50911248871988E-05	-0.0677892983314742
83.9369999999986	0.0404244796421684	8.35648274387843E-05	-0.0405080444696072
84.0511999999986	0.0128735215911504	-5.1099336021369E-05	-0.012822422255129
84.1653999999986	-0.0010844398465344	-0.000188167028559197	0.00127260687509359
84.2795999999986	0.00803358399145383	-0.0003171187228576	-0.00771646526859623
84.3937999999986	0.0479404845843123	-0.000424566592234841	-0.0475159179920774
84.5079999999986	0.14036015896732	-0.000528546442939985	-0.13983161252438
84.6221999999986	-0.000128892114091367	0.0577254714859406	-0.0575965793718492
84.7363999999986	-0.000141824650138893	0.0340242631105895	-0.0338824384604505
84.8505999999986	-4.62040580641524E-06	0.00567225439235572	-0.0056676339865493
84.9647999999985	0.000132504253263023	-0.0122018090005836	0.0120693047473206
85.0789999999985	0.000263267745140967	-0.0142587787493407	0.0139955110041997
85.1931999999985	0.000383437339087362	0.0136333528647753	-0.0140167902038627
85.3073999999985	0.000486908539495443	0.0834150796079198	-0.0839019881474153
85.4215999999985	0.000581192931483902	0.213847569670597	-0.214428762602081
85.5357999999985	-0.0801405160569427	0.0801606692897369	-2.01532327942094E-05
85.6499999999985	-0.0511766908717858	0.051117323185586	5.93676861998377E-05
85.7641999999985	-0.0239274144119238	0.0240051397925782	-7.77253806544358E-05
85.8783999999985	0.000695653807644421	-0.00049635463564595	-0.000199299171998471
85.9925999999985	-0.0128227917195045	0.0131588526666193	-0.000336060947114809
86.1067999999985	-0.0609134383893791	0.0613572403649913	-0.000443801975612217
86.2209999999985	-0.163537434508709	0.164081933548887	-0.000544499040177837
86.3351999999985	-0.0637264019481692	-8.28745449920065E-05	0.0638092764931612
86.4493999999985	-0.0382301212801666	-0.000117011488559205	0.0383471327687258
86.5635999999985	-0.00992655458023879	1.82276954480838E-05	0.0099083268847907
86.6777999999985	0.00633452318374377	0.000159178901251997	-0.00649370208499577
86.7919999999985	0.00461733306987906	0.000281624984052665	-0.00489895805393172
86.9061999999985	-0.0281907899506319	0.000401130718994041	0.0277896592316378
87.0203999999985	-0.107724934758878	0.000505691901767703	0.10721924285711
87.1345999999985	0.000192213950960557	-0.048981766943848	0.0487895529928875
87.2487999999984	0.000172608919270227	-0.0279608038217886	0.0277881949025184
87.3629999999984	3.88828745188612E-05	-0.000434618519725347	0.000395735645206486
87.4771999999984	-9.96029170304871E-05	0.0196476716351736	-0.0195480687181431
87.5913999999984	-0.000233122346809	0.0264502605469629	-0.0262171382001539
87.7055999999984	-0.00035551658077165	0.00701106430097317	-0.00665554772020152
87.8197999999984	-0.000462974902175263	-0.0507609344236813	0.0512239093258565
87.9339999999984	-0.000559300092875969	-0.165612252653571	0.166171552746447
88.0481999999984	0.0615191312075305	-0.0614604783213083	-5.86528862221852E-05
88.1623999999984	0.0346161869166306	-0.0345260793782824	-9.01075383481637E-05
88.2765999999984	0.00717600605756444	-0.00721453190703173	3.85258494672892E-05
88.3907999999984	-0.00769708444309339	0.00751789943282231	0.000179185010271081
88.5049999999984	-0.000513603664158205	0.000207920915869068	0.000305682748289136
88.6191999999984	0.0361309478910865	-0.0365505239937891	0.00041957610270256
88.7333999999984	0.125225327347703	-0.125747838085637	0.000522510737934273
88.8475999999984	0.0528078688484615	0.000152064804870067	-0.0529599336533316
88.9617999999984	0.0299987996457823	0.000151381925983459	-0.0301501815717658
89.0759999999984	0.00240578365998243	1.37329348285776E-05	-0.00241951659481101
89.1901999999984	-0.0161474427311585	-0.000122279017030127	0.0162697217481886
89.3043999999984	-0.0195551526666302	-0.00025399678697933	0.0198091494536096
89.4185999999983	0.00627744997454081	-0.000374994114624272	-0.00590245585991654
89.5327999999983	0.0735252738550833	-0.000480923109196486	-0.0730443507458868
89.6469999999983	0.200808140545082	-0.000575780897598979	-0.200232359647483
89.7611999999983	-4.64926856186265E-06	0.0752605070940019	-0.07525585782544
89.8753999999983	-6.97848953142525E-05	0.0472024216957191	-0.0471326368004049
89.9895999999983	6.48736127791568E-05	0.0199240702568638	-0.019988943869643
90.1037999999983	0.000200410158063467	0.00683791443050251	-0.00703832458856598
90.2179999999983	0.000327620633866518	0.0178197974788652	-0.0181474181127317
90.3321999999983	0.000436470084633685	0.0625788724039181	-0.0630153424885518
90.4463999999983	0.000537972580715674	0.160714870059296	-0.161252842640012
90.5605999999983	-0.0642161574011693	0.0641221445834321	9.40128177371879E-05
90.6747999999983	-0.039976052237894	0.0398472149300175	0.000128837307876509
90.7889999999983	-0.011288017973785	0.0112961225231305	-8.10454934557781E-06
90.9031999999983	0.00603689924422603	-0.00589053415496183	-0.000146365089264206
91.0173999999983	0.00562813208575359	-0.00535254160571579	-0.000275590480037799
91.1315999999983	-0.0255036116485013	0.0258987924832748	-0.000395180834773495
91.2457999999983	-0.100344009131229	0.100840381721249	-0.000496372590019792
91.3599999999983	-0.23816506025581	0.238755817216539	-0.000590756960728966
91.4741999999983	-0.0904519931018878	5.66046294673272E-05	0.0903953884724205
91.5883999999983	-0.0608078505223905	-4.61579634524614E-05	0.0608540084858429
91.7025999999982	-0.0338407010473879	8.95048584303836E-05	0.0337511961889575
91.8167999999982	-0.0193054634940024	0.000222037179330877	0.0190834263146715
91.9309999999982	-0.0305560485258671	0.000347951297026055	0.030208097228841
92.0451999999982	-0.084271196115802	0.00045580541325335	0.0838153907025486
92.1593999999982	-0.191930765968754	0.000552919544279169	0.191377846424475
92.2735999999982	4.27181231693607E-05	-0.0743529293096665	0.0743102111864972
92.3877999999982	0.000102875068326543	-0.0478264674189107	0.0477235923505842
92.5019999999982	-3.1621185402301E-05	-0.0189288322413781	0.0189604534267804
92.6161999999982	-0.000172327000045995	-0.00260087627328615	0.00277320327333214
92.7303999999982	-0.000295169352967013	-0.00702035500937973	0.00731552436234675
92.8445999999982	-0.000412077203330516	-0.0398232517084443	0.0402353289117748
92.9587999999982	-0.000515693280289986	-0.124305552047995	0.124821245328285
93.0729999999982	0.0538713415461965	-0.053708893340753	-0.000162448205443561
93.1871999999982	0.0309684219420603	-0.0308082061583443	-0.000160215783716038
93.3013999999982	0.00285050937948613	-0.00282665523982173	-2.38541396644053E-05
93.4155999999982	-0.0168232932561154	0.0167086596007175	0.000114633655397898
93.5297999999982	-0.0216834115162841	0.0214355288007163	0.000247882715567829
93.6439999999982	0.000702338661834313	-0.00106785136369722	0.000365512701862903
93.7581999999982	0.0637878976171727	-0.0642620723439362	0.000474174726763504
93.8723999999981	0.184994305365557	-0.185563119817922	0.000568814452365479
93.9865999999981	0.0682575991094055	2.63474125799523E-05	-0.0682839465219855
94.1007999999981	0.0403286997313761	7.65569265253887E-05	-0.0404052566579014
94.2149999999981	0.0126228903342109	-5.51249456868661E-05	-0.0125677653885241
94.3291999999981	-0.00106701080703374	-0.000192882491064152	0.0012598932980979
94.4433999999981	0.00877946956211528	-0.000319424583098377	-0.00846004497901691
94.5575999999981	0.0498978010925455	-0.00043034530674835	-0.0494674557857971
94.6717999999981	0.144495619199935	-0.00053237425973368	-0.143963244940201
94.7859999999981	-0.000118847258614135	0.057795490561961	-0.0576766433033468
94.9001999999981	-0.000136281525695369	0.0334563373665661	-0.0333200558408707
95.0143999999981	4.50110515109561E-06	0.00536978437540999	-0.00537428548056109
95.1285999999981	0.000134191596859221	-0.0129953957058429	0.0128612041089837
95.2427999999981	0.000267913652858829	-0.0143958296030994	0.0141279159502406
95.3569999999981	0.000386917359312266	0.0145042115350817	-0.014891128894394
95.4711999999981	0.000492715452212494	0.0867963674847949	-0.0872890829370074
95.5853999999981	0.000586140499206385	0.220668483564067	-0.221254624063274
95.6995999999981	-0.0827093715032127	0.0827409664489934	-3.15949457807691E-05
95.8137999999981	-0.0531339402434033	0.0530802739142958	5.36663291074505E-05
95.9279999999981	-0.0258590291445352	0.0259408418647527	-8.1812720217473E-05
96.0421999999981	-0.00650458908176025	0.00671978854019256	-0.000215199458432316
96.156399999998	-0.0201392083661921	0.0204805352363005	-0.000341326870108446
96.270599999998	-0.070453217574269	0.0709024704746841	-0.000449252900415129
96.384799999998	-0.175487444027328	0.176036856175592	-0.000549412148263373
96.498999999998	-0.067826300041707	-6.24689751499707E-05	0.0678887690168569
96.613199999998	-0.0418850322929656	-0.000113631774024745	0.0419986640669903
96.727399999998	-0.0130290159885038	2.40366772974811E-05	0.0130049793112063
96.841599999998	0.0037429847033229	0.000162622078136871	-0.00390560678145977
96.955799999998	0.000784965199708832	0.000290560071869344	-0.00107552527157818
97.069999999998	5.29768307406262E-05	0.000429483803471958	-0.000482460634212584
97.184199999998	-0.0835544012820406	0.000510509717536861	0.0830438915645037
97.298399999998	0.000211306600258018	-0.036481783621057	0.0362704770207989
97.412599999998	0.000165490987912487	-0.0150021561333854	0.0148366651454729
97.526799999998	3.33219679994E-05	0.00844020839759681	-0.00847353036559621
97.640999999998	-0.000106803516515672	0.0283697406119403	-0.0282629370954246
97.755199999998	-0.00023907263402851	0.03388485225627	-0.0336457796222415
97.869399999998	-0.000362453870814063	0.0124224793204551	-0.012060025449641
97.983599999998	-0.000469870868507357	-0.0487193190405165	0.0491891899090239
98.097799999998	-0.00056259827238858	-0.16593385947543	0.166496457747819
98.211999999998	0.0607042541971425	-0.0606513336680023	-5.29205291402296E-05
98.3261999999979	0.0337815230738316	-0.0336961240033492	-8.53990704824323E-05
98.4403999999979	0.00592626582116993	-0.00597452420120289	4.82583800329624E-05
98.5545999999979	-0.00841235324644315	0.0082260178623407	0.000186335384102442
98.6687999999979	0.000313468372452094	-0.000626134507895315	0.000312666135443221
98.7829999999979	0.0394057805251632	-0.0398312247375413	0.000425444212378105
98.8971999999979	0.131810399552552	-0.132338237926164	0.000527838373612588
99.0113999999979	0.0543870745276528	0.000140102837571737	-0.0545271773652245
99.1255999999979	0.0306467373880484	0.00014424737943733	-0.0307909847674858
99.2397999999979	0.00291976577309683	7.20865669083266E-06	-0.00292697442978767
99.3539999999979	-0.0153576096782414	-0.000130990123847797	0.0154885998020892
99.4681999999979	-0.0173384244882477	-0.000261939864556591	0.0176003643528043
99.5823999999979	0.00993083149648874	-0.000380025961963858	-0.00955080553452488
99.6965999999979	0.0792054575887059	-0.000486372231129201	-0.0787190853575767
99.8107999999979	0.209575970276383	-0.000580083486958106	-0.208995886789425
99.9249999999979	1.21032864910387E-05	0.0779017526794551	-0.0779138559659462
100.039199999998	-6.131040456518E-05	0.0489072976258959	-0.0488459872213308
100.153399999998	7.28094222801915E-05	0.0219593737913395	-0.0220321832136197
100.267599999998	0.000208255483666786	0.00834401328312012	-0.0085522687667869
100.381799999998	0.000335976821830049	0.0211101333736588	-0.0214461101954888
100.495999999998	0.000440666814095784	0.0675750157723815	-0.0680156825864773
100.610199999998	0.000542908435278266	0.168608825637947	-0.169151734073226
100.724399999998	-0.0665503907645964	0.0664710509808451	7.93397837512699E-05
100.838599999998	-0.040957164355503	0.0408374475804246	0.000119716775078368
100.952799999998	-0.0122926710522119	0.0123102264771345	-1.75554249225406E-05
101.066999999998	0.00505670107780713	-0.00490344890260828	-0.000153252175198852
101.181199999998	0.00342812817402579	-0.00314493696243458	-0.000283191211591204
101.295399999998	-0.0278013939021822	0.0282007821066045	-0.000399388204422257
101.409599999998	-0.106035787388342	0.106540065899514	-0.000504278511172782
101.523799999998	-0.0485503369703432	-0.000195497619675022	0.0487458345900182
101.637999999998	-0.0280148488081245	-0.00017548258585089	0.0281903313939754
101.752199999998	-0.000227828474966042	-3.94609451904457E-05	0.000267289420156487
101.866399999998	0.0195899571009687	0.00010156405881831	-0.0196915211597871
101.980599999998	0.0270171966335885	0.000227154508256002	-0.0272443511418445
102.094799999998	0.00784767695128994	0.000354659242853191	-0.00820233619414313
102.208999999998	-0.0497140517338523	0.000460939654120969	0.0492531120797313
102.323199999998	-0.163094255828323	0.000558505769245665	0.162535750059077
102.437399999998	6.292861539961E-05	-0.0601219827123628	0.0600590540969632
102.551599999998	9.51428754640908E-05	-0.0340107687285275	0.0339156258530634
102.665799999998	-3.96608341644291E-05	-0.00600003112998512	0.00603969196414955
102.779999999998	-0.00017838414082807	0.00851135309739582	-0.00833296895656775
102.894199999998	-0.000303321201027977	0.00212148967253942	-0.00181816847151144
103.008399999998	-0.000418004639303038	-0.0328205411428675	0.0332385457821706
103.122599999998	-0.000521002947989684	-0.121378866051576	0.121899868999565
103.236799999998	0.0513428268494783	-0.0511853138607468	-0.000157512988731512
103.350999999998	0.028446052796696	-0.0282954516516142	-0.000150601145081857
103.465199999998	0.000781401946063381	-0.000763020794222181	-1.83811518412007E-05
103.579399999998	-0.0179963199756792	0.0178746181947303	0.000121701780948853
103.693599999998	-0.0215146666712667	0.021262649410512	0.000252017260754703
103.807799999998	0.00340230425747311	-0.0037757419211262	0.000373437663653092
103.921999999998	0.0697039281478973	-0.0701836342082211	0.00047970606032377
104.036199999998	0.195046916714824	-0.195620463744348	0.000573547029524168
104.150399999998	0.0725256811688207	9.67082280803333E-06	-0.0725353519916287
104.264599999998	0.0446256705951566	6.92587042636047E-05	-0.0446949292994202
104.378799999998	0.0174203009030039	-6.12505685968699E-05	-0.017359050334407
104.492999999998	0.0044036927698348	-0.000199058013385993	-0.0042046347564488
104.607199999998	0.0157542553713631	-0.000325310868542301	-0.0154289445028208
104.721399999998	0.0598174992177711	-0.000436169716207159	-0.0593813295015639
104.835599999998	0.158760215306595	-0.000538664414584969	-0.15822155089201
104.949799999998	-0.000100669720060037	0.0644431643605673	-0.0643424946405073
105.063999999998	-0.000129937329312221	0.0397212505046681	-0.0395913131753559
105.178199999998	6.58251304866075E-06	0.0117867233064791	-0.0117933058195278
105.292399999998	0.000144312037188033	-0.00625147632772642	0.00610716429053839
105.406599999998	0.000274171946859514	-0.00623049183011936	0.00595631988325985
105.520799999998	0.000391561654140555	0.0243238415608265	-0.0247154032149671
105.634999999998	0.000497544197095661	0.0991056262707511	-0.0996031704678467
105.749199999998	0.000590289295611088	0.236481324470635	-0.237071613766246
105.863399999998	-0.0899114320613894	0.0899638316623186	-5.23996009292593E-05
105.977599999998	-0.0602963265694098	0.0602486385880292	4.76879813806064E-05
106.091799999998	-0.0335484361443389	0.0336355530480126	-8.71169036737104E-05
106.205999999998	-0.0184081661500201	0.0186293532799058	-0.00022118712988578
106.320199999998	-0.0293508588850773	0.0296984426546969	-0.000347583769619554
106.434399999998	-0.0815178247402552	0.0819707202723834	-0.000452895532128225
106.548599999998	-0.188952751892025	0.189505362803677	-0.000552610911652096
106.662799999998	-0.073703856800135	-4.58699579941046E-05	0.0737497267581291
106.776999999998	-0.0469472125988551	-0.00010565983945036	0.0470528724383055
106.891199999998	-0.0181727706076616	3.06358547094977E-05	0.0181421347529521
107.005399999998	-0.00206467547375259	0.000167781635335038	0.00189689383841755
107.119599999998	-0.00619548783736573	0.00029653264056279	0.00589895519680294
107.233799999998	-0.0395244267021909	0.00041284328893101	0.0391115834132599
107.347999999998	-0.122613336105838	0.00051270938466541	0.122100626721173
107.462199999998	0.000166354400261803	-0.0531011459931747	0.0529347915929129
107.576399999998	0.000161721495500655	-0.0309693948401493	0.0308076733446486
107.690599999998	2.55186597180602E-05	-0.00243357861794714	0.00240805995822908
107.804799999998	-0.000114005815872132	0.0171549382522232	-0.0170409324363511
107.918999999998	-0.000243144599238736	0.0225061981156964	-0.0222630535164577
108.033199999998	-0.000366739735037125	0.000302539618822352	6.42001162147729E-05
108.147399999998	-0.000472512530226602	-0.0623442737091408	0.0628167862393674
108.261599999998	-0.000567842872298012	-0.182547935626348	0.183115778498646
108.375799999997	0.0674404913023333	-0.0674099485100744	-3.05427922589752E-05
108.489999999997	0.03987242703189	-0.039793112357593	-7.93146742969694E-05
108.604199999997	0.0117322341485619	-0.011786892850382	5.4658701820174E-05
108.718399999997	-0.0012978810589552	0.00110317803599847	0.000194703022956738
108.832599999997	0.00714417958498974	-0.00745888284990049	0.000314703264910746
108.946799999997	0.0477960259630288	-0.0482254317809061	0.000429405817877322
109.060999999997	0.14197252082656	-0.142503383760113	0.000530862933552229
109.175199999997	0.0570192031622608	0.000123334702839706	-0.0571425378651005
109.289399999997	0.0328105557803423	0.000136736848242774	-0.0329472926285851
109.403599999997	0.00454698870785439	2.14206232182994E-06	-0.00454913077017621
109.517799999997	-0.0135035996191912	-0.000137090200654082	0.0136406898198453
109.631999999997	-0.0147457131267573	-0.000267279370125841	0.0150129924968832
109.746199999997	0.0136027725281032	-0.000384627490711218	-0.013218145037392
109.860399999997	0.085207246304334	-0.000491193964926141	-0.0847160523394079
109.974599999997	0.218781774047864	-0.000584217921778902	-0.218197556126085
110.088799999997	2.76029100764186E-05	0.0809989687453137	-0.0810265716553901
110.202999999997	-5.21252108325937E-05	0.0515266062720098	-0.0514744810611772
110.317199999997	7.60272806967924E-05	0.0245379929714843	-0.0246140202521811
110.431399999997	0.000220327098765279	-0.000497414182890409	0.00027708708412513
110.545599999997	0.000339337599674171	0.0140462498844881	-0.0143855874841623
110.659799999997	0.000448077333683788	0.0633891932245882	-0.063837270558272
110.773999999997	0.000547965305012083	0.167687445853385	-0.168235411158397
110.888199999997	-0.0651062772875174	0.0650319861772145	7.42911103028543E-05
111.002399999997	-0.0389402866860141	0.0388272235506784	0.000113063135335725
111.116599999997	-0.0105992101323676	0.0106239481458584	-2.47380134908264E-05
111.230799999997	0.00675505310748862	-0.00659654944636019	-0.000158503661128431
111.344999999997	0.00386525893082157	-0.00357614157169521	-0.000289117359126363
111.459199999997	-0.0264739305031783	0.0268775945974967	-0.000403664094318433
111.573399999997	-0.107541850629889	0.108051892340862	-0.00051004171097363
111.687599999997	-0.047595105713891	-0.000185730726881328	0.0477808364407723
111.801799999997	-0.0261178850541011	-0.000170926405325158	0.0262888114594263
111.915999999997	0.00166264533584058	-3.32433149700013E-05	-0.00162940202087058
112.030199999997	0.0212862656613961	0.000104733442021198	-0.0213909991034173
112.144399999997	0.0278006664594701	0.000236788466115866	-0.0280374549255859
112.258599999997	0.00692294003933005	0.000360578220091127	-0.00728351825942117
112.372799999997	-0.0535054694004614	0.000467197021277953	0.0530382723791835
112.486999999997	-0.17004774776462	0.000563016502078739	0.169484731262541
112.601199999997	4.81494874957355E-05	-0.062210595091851	0.0621624456043552
112.715399999997	9.02160283028085E-05	-0.0354602371194508	0.035370021091148
112.829599999997	-4.65220244539208E-05	-0.00738267426138892	0.00742919628584284
112.943799999997	-0.000184060146460093	0.00685202718135276	-0.00666796703489267
113.057999999997	-0.000311532606281031	-0.00103987082988822	0.00135140343616925
113.172199999997	-0.000424414766676944	-0.0395651293032875	0.0399895440699644
113.286399999997	-0.000525356053717945	-0.13075430887918	0.131279664932898
113.400599999997	0.0539044793164631	-0.0537624548842698	-0.000142024432193293
113.514799999997	0.030541025003523	-0.0303956455219687	-0.000145379481554325
113.628999999997	0.00231063672604774	-0.00230058478566248	-1.00519403852597E-05
113.743199999997	-0.0162213990481434	0.0160918918407134	0.000129507207430015
113.857399999997	-0.0185872484007063	0.0183281952212785	0.000259053179427822
113.971599999997	0.00785338497293511	-0.00823358404385323	0.000380199070918127
114.085799999997	0.0777494044540907	-0.078236555928453	0.000487151474362277
114.2	0.205653965134853	-0.206230548212872	0.000576583078018278
