"Time [ms]"	"BranchCurrent(Vi_t) [A]"
0.1142	0.000755643478368305
0.2284	0.719996851854758
0.3426	1.36245457811786
0.4568	1.9875359994393
0.571	2.60424534229999
0.6852	3.21155949825184
0.7994	3.81395789330884
0.9136	4.40374418280807
1.0278	4.98396275023763
1.142	5.55837622690224
1.2562	6.12831079692084
1.3704	6.69523977935657
1.4846	7.28896012008119
1.5988	7.90124150970435
1.713	8.53741159003946
1.8272	9.21405991944154
1.9414	9.94439992698768
2.0556	10.7797986840663
2.1698	11.8302715868688
2.284	13.1934991830786
2.3982	14.6911218657436
2.5124	16.1231170294748
2.6266	17.4829867824863
2.7408	18.7495689933039
2.855	19.7951832831117
2.9692	20.6113647161236
3.0834	21.2876357325197
3.1976	21.777342815034
3.3118	22.1411711437498
3.426	22.4033612760241
3.5402	22.5777697755579
3.6544	22.7413737830073
3.7686	22.8389220758784
3.8828	22.9007344651153
3.997	22.9351777935694
4.1112	22.9760420794775
4.2254	22.9951526252934
4.3396	23.0146471211393
4.4538	23.0371183614238
4.568	1.09700229913013
4.6822	2.11988312096845
4.7964	3.15104773735784
4.9106	4.10990417782901
5.0248	4.86454371739075
5.139	5.50743417137045
5.2532	6.08870631325424
5.3674	6.66536493058232
5.4816	7.26030848345223
5.5958	7.91399763921525
5.71	8.82257100162752
5.8242	10.1505406761922
5.9384	11.9631205410336
6.0526	13.8912005766216
6.1668	0.843953346456294
6.281	1.82402666116629
6.3952	2.72271489985337
6.5094	3.41250038950075
6.6236	3.96883592581468
6.7378	4.44804335772376
6.852	4.90314793555025
6.9662	5.38230156134623
7.0804	5.91209421933572
7.1946	6.51542683081188
7.3088	-0.235816246883532
7.423	0.686280790392515
7.5372	1.37093924201363
7.6514	1.90554310818517
7.7656	2.32597842695806
7.8798	2.67519121981282
7.994	2.98498966497865
8.1082	3.27987837066198
8.2224	3.58414179206599
8.3366	3.9414594519796
8.4508	0.438687747054063
8.565	0.998887682304437
8.6792	1.4583489053919
8.79340000000001	1.83510537756213
8.90760000000001	2.18375375345112
9.02180000000001	2.2958794213294
9.13600000000001	2.42916985929627
9.25020000000001	2.593043416089
9.36440000000001	2.81141919330779
9.47860000000001	3.11285977088381
9.59280000000001	0.602345582546339
9.70700000000001	1.05657633634599
9.82120000000001	1.42411609918438
9.93540000000001	1.77741188040951
10.0496	1.85956787559859
10.1638	1.9642536650953
10.278	2.09761516946445
10.3922	2.27506189397824
10.5064	2.52100491926991
10.6206	0.534395559733372
10.7348	0.943287569365274
10.849	1.26016257752399
10.9632	1.44184362579267
11.0774	1.50633422745294
11.1916	1.59797373389605
11.3058	1.72008721799803
11.42	1.89013636195926
11.5342	0.513941014408709
11.6484	0.901531319328216
11.7626	1.07221992690782
11.8768	1.11524052823781
11.991	1.15947953729532
12.1052	1.22244513041036
12.2194	1.31253876239262
12.3336	1.44093533792698
12.4478	1.62670282573163
12.562	0.46252767074458
12.6762	0.874560981601965
12.7904	0.909172820276651
12.9046	0.94285317655184
13.0188	0.987759038489815
13.133	1.05705533716387
13.2472	1.16057079307784
13.3614	1.31497493116438
13.4756	0.452554119289936
13.5898	0.713811964350925
13.704	0.740680934945826
13.8182	0.768694656808332
13.9324	0.802763941265589
14.0466	0.85931819247116
14.1608	0.948175412716757
14.275	1.0840993565009
14.3892	0.437605348932803
14.5034	0.592522096529441
14.6176	0.613133011491961
14.7318	0.635075091422955
14.846	0.66276335295512
14.9602	0.711731672450084
15.0744	0.792182494832013
15.1886	0.918924610034624
15.3028	0.425338478668451
15.417	0.502581662781763
15.5312	0.51927592064278
15.6454	0.535838599713379
15.7596	0.559521858693983
15.8738	0.603456263588549
15.988	0.679718129879762
16.1022	0.80344195939336
16.2164	0.410327846245477
16.3306	0.603582870164487
16.4448	0.44860539383973
16.559	0.461749780519229
16.6732	0.482283736252931
16.7874	0.524114597900815
16.9016	0.599112639119121
17.0158	0.723276054058692
17.13	0.396565774719634
17.2442	0.541319233043143
17.3584	0.396365092044572
17.4726	0.405832021037515
17.5868	0.425436605899877
17.701	0.466988749312157
17.8152	0.543492810853356
17.9294	0.672923408979237
18.0436	0.38198530627133
18.1578	0.496386837294751
18.272	0.357111102963733
18.3862	0.364425656036213
18.5004	0.383210560206779
18.6146	0.426742323553828
18.7288	0.508191153613395
18.843	0.645263645519959
18.9572	0.36580026338398
19.0714	0.478118921208911
19.1856	0.32949572468578
19.2998	0.335912543383107
19.414	0.35540121827365
19.5282	0.402946835167853
19.6424	0.492004850343765
19.7566	0.640161176151026
19.8707999999999	0.351511306307827
19.9849999999999	0.485429026363221
20.0991999999999	0.313462960583083
20.2133999999999	0.318699935131498
20.3275999999999	0.34052040940754
20.4417999999999	0.394442695937888
20.5559999999999	0.494032382033885
20.6701999999999	0.255819708606474
20.7843999999999	0.261065736234699
20.8985999999999	0.257826241351274
21.0127999999999	0.254846506309198
21.1269999999999	0.261996105490408
21.2411999999999	0.290344130165319
21.3553999999999	0.353599681864239
21.4695999999999	0.469382077842954
21.5837999999999	0.23716391060009
21.6979999999999	0.236324951890585
21.8121999999999	0.231181617744815
21.9263999999999	0.228067440293315
22.0405999999999	0.238526813932301
22.1547999999999	0.27397761561395
22.2689999999999	0.349830464982107
22.3831999999999	0.482592489588585
22.4973999999999	0.234764140373163
22.6115999999999	0.228834074258023
22.7257999999999	0.22109960094273
22.8399999999999	0.219088582079744
22.9541999999999	0.234582425262691
23.0683999999999	0.279790822419605
23.1825999999999	0.371175560630983
23.2967999999999	0.194273917225307
23.4109999999999	0.19452105457326
23.5251999999999	0.186062196474932
23.6393999999999	0.177963487107889
23.7535999999999	0.17996405425196
23.8677999999999	0.20289388209059
23.9819999999999	0.261959142313973
24.0961999999999	0.37332292595614
24.2103999999999	0.18496765008992
24.3245999999999	0.179524622811692
24.4387999999999	0.168879539811424
24.5529999999999	0.161341292166013
24.6671999999999	0.168956574912221
24.7813999999999	0.202305021406109
24.8955999999999	0.277709775565888
25.0097999999999	0.411076288488848
25.1239999999999	0.194579622630343
25.2381999999999	0.183685455239072
25.3523999999999	0.171438166708295
25.4665999999999	0.166655920126799
25.5807999999999	0.180213171206024
25.6949999999999	0.226080342383159
25.8091999999999	0.32136044080938
25.9233999999999	0.162941766377982
26.0375999999999	0.157252407903092
26.1517999999999	0.144129077070288
26.2659999999999	0.132541965711238
26.3801999999999	0.133660547602006
26.4943999999999	0.158420477571322
26.6085999999999	0.222341125259645
26.7227999999998	0.340553848878229
26.8369999999998	0.16183135924146
26.9511999999998	0.150148668959788
27.0653999999998	0.135549313085929
27.1795999999998	0.126458190383993
27.2937999999998	0.13474077117051
27.4079999999998	0.172139564305623
27.5221999999998	0.256719390258272
27.6363999999998	0.40224861590972
27.7505999999998	0.183535837027319
27.8647999999998	0.167507731546839
27.9789999999998	0.151913940410685
28.0931999999998	0.146688074463465
28.2073999999998	0.163934947363737
28.3215999999998	0.218908658693412
28.4357999999998	0.325195095554963
28.5499999999998	0.154532542901652
28.6641999999998	0.141519817221045
28.7783999999998	0.124077232512201
28.8925999999998	0.111320388323872
29.0067999999998	0.114636093846726
29.1209999999998	0.145769242518094
29.2351999999998	0.22213459550997
29.3493999999998	0.357959786965475
29.4635999999998	0.161070273931756
29.5777999999998	0.143190209758109
29.6919999999998	0.125181718714293
29.8061999999998	0.116871736537965
29.9203999999998	0.12972421782003
30.0345999999998	0.178312230321809
30.1487999999998	0.279407405812975
30.2629999999998	0.132688698800457
30.3771999999998	0.118968007375929
30.4913999999998	0.0997296413647043
30.6055999999998	0.0844577985558361
30.7197999999998	0.0850908922924482
30.8339999999998	0.112866673635598
30.9481999999998	0.185871233450495
31.0623999999998	0.315268516403389
31.1765999999998	0.139881624102509
31.2907999999998	0.120787927317623
31.4049999999998	0.101046613511374
31.5191999999998	0.0910075809443767
31.6333999999998	0.101495728709704
31.7475999999998	0.146942622631416
31.8617999999998	0.244554698353418
31.9759999999998	0.115741236432366
32.0901999999998	0.100449658639831
32.2043999999998	0.0800980842765823
32.3185999999998	0.0637215639612553
32.4327999999998	0.0623316710484112
32.5469999999998	0.088298870320658
32.6611999999998	0.158733165706094
32.7753999999998	0.286852008570267
32.8895999999998	0.125393991352403
33.0037999999998	0.104870887500135
33.1179999999998	0.0841032997645079
33.2321999999998	0.0720517269422272
33.3463999999998	0.0824031498739489
33.4605999999998	0.126983914326146
33.5747999999998	0.224143676770665
33.6889999999998	0.105961197509757
33.8031999999998	0.0894092286464091
33.9173999999998	0.0681792838087108
34.0315999999998	0.0506989461874083
34.1457999999998	0.0491875600115697
34.26	0.073774129962206
34.3742000000002	0.143488199968696
34.4884000000002	0.271444879111781
34.6026000000002	0.11647845848203
34.7168000000002	0.0944178735261116
34.8310000000002	0.0731488855517914
34.9452000000002	0.0603862400260294
35.0594000000002	0.0701742591454754
35.1736000000002	0.114643838361834
35.2878000000002	0.21135058788734
35.4020000000002	0.0975608934515173
35.5162000000002	0.0799908168253558
35.6304000000002	0.0575952930929484
35.7446000000002	0.0396399765006366
35.8588000000002	0.0368649783436666
35.9730000000002	0.0628126444187339
36.0872000000002	0.134127867017507
36.2014000000002	0.264666914273839
36.3156000000002	0.112565927407692
36.4298000000002	0.0895362789629916
36.5440000000002	0.0672668787640526
36.6582000000002	0.0543015062475422
36.7724000000002	0.0642583787639734
36.8866000000002	0.110233743164071
37.0008000000002	0.208598463648754
37.1150000000002	0.0941611923654191
37.2292000000002	0.0753039837695065
37.3434000000002	0.0515933207298569
37.4576000000002	0.0336061322347104
37.5718000000002	0.0314522429438189
37.6860000000002	0.058378294737766
37.8002000000002	0.131197843638396
37.9144000000002	0.263430101343476
38.0286000000002	0.109826108167735
38.1428000000002	0.0855923807604974
38.2570000000002	0.0626350267398283
38.3712000000002	0.0497045964621542
38.4854000000002	0.0603701663140595
38.5996000000002	0.108658130733533
38.7138000000002	0.210325731826427
38.8280000000002	0.0923867162425101
38.9422000000002	0.0719097666794351
39.0564000000002	0.0473730056638597
39.1706000000002	0.0291364530730646
39.2848000000003	0.0277622051426896
39.3990000000003	0.0561578618384274
39.5132000000003	0.132865941653634
39.6274000000003	0.270336006913559
39.7416000000003	0.110869214281827
39.8558000000003	0.0858159394535656
39.9700000000003	0.0620644517704065
40.0842000000003	0.0496755143872687
40.1984000000003	0.0618338572274272
40.3126000000003	0.113277976647123
40.4268000000003	0.219397593937752
40.5410000000003	0.0941929516826234
40.6552000000003	0.0719579722246862
40.7694000000003	0.0466042545632044
40.8836000000003	0.0276172050012944
40.9978000000003	0.0282967870048884
41.1120000000003	0.0597155235841912
41.2262000000003	0.140464952179231
41.3404000000003	0.0692587953518694
41.4546000000003	0.0520440146518479
41.5688000000003	0.0274509381694266
41.6830000000003	0.00563523073290461
41.7972000000003	0.000990980456463332
41.9114000000003	0.0208865571209708
42.0256000000003	0.0779390466995311
42.1398000000003	0.190736774107857
42.2540000000003	0.0783254821712813
42.3682000000003	0.0550470088292503
42.4824000000003	0.0301543010453898
42.5966000000003	0.0128243635329277
42.7108000000003	0.0194927145705496
42.8250000000003	0.0547798814959584
42.9392000000003	0.14061308612197
43.0534000000003	0.0662289754070474
43.1676000000003	0.0476500004932258
43.2818000000003	0.0227377951226463
43.3960000000003	0.000809442919173563
43.5102000000003	-0.00219729611202676
43.6244000000003	0.0212890251071809
43.7386000000003	0.0838142076566278
43.8528000000003	0.203250571366875
43.9670000000003	0.082077039893284
44.0812000000003	0.0580642547463184
44.1954000000003	0.0333357813633736
44.3096000000003	0.0167966221821346
44.4238000000003	0.0147917496367931
44.5380000000003	0.0553919971127864
44.6522000000003	0.147300246609553
44.7664000000003	0.0661962730253352
44.8806000000003	0.0463364187934906
44.9948000000003	0.0211400365980414
45.1090000000003	0.00447646791902182
45.2232000000003	0.0031396503659691
45.3374000000003	0.000580057303019583
45.4516000000003	0.0697199791706286
45.5658000000004	0.196436364654572
45.6800000000004	0.0772529662748493
45.7942000000004	0.0522923870668094
45.9084000000004	0.0277764174372095
46.0226000000004	0.0131353553632248
46.1368000000004	0.00513315254554763
46.2510000000004	0.0512535699457644
46.3652000000004	0.148832338033048
46.4794000000004	0.0638919190088042
46.5936000000004	0.0430317862020029
46.7078000000004	0.0176372064674294
46.8220000000004	0.00236488616221223
46.9362000000004	0.00382212268989892
47.0504000000004	0.0287241119120968
47.1646000000004	0.102487557614503
47.2788000000004	0.236737355841438
47.3930000000004	0.0938209208987745
47.5072000000004	0.0677009769331548
47.6214000000004	0.0430422299252799
47.7356000000004	0.029395918736318
47.8498000000004	0.0397282255924366
47.9640000000004	0.0893604685761381
48.0782000000004	0.193297922371596
48.1924000000004	0.0808620942821877
48.3066000000004	0.0579564688150292
48.4208000000004	0.0317557609285575
48.5350000000004	0.0120251171294984
48.6492000000004	0.0154241836035296
48.7634000000004	0.0452308266664437
48.8776000000004	0.124535804238098
48.9918000000004	0.0610022209488184
49.1060000000004	0.04295613286545
49.2202000000004	0.0175905435813638
49.3344000000004	-0.00082247634836663
49.4486000000004	-0.00705605781519408
49.5628000000004	0.012775811339739
49.6770000000004	0.0697308188172995
49.7912000000004	0.182530800128854
49.9054000000004	0.0743854101096099
50.0196000000004	0.050470890162359
50.1338000000004	0.0243795922365196
50.2480000000004	0.000723083305115923
50.3622000000004	0.0080200747426834
50.4764000000004	0.0433567094609746
50.5906000000004	0.129590556621101
50.7048000000004	0.0602753348946787
50.8190000000004	0.0404464082052723
50.9332000000004	0.0146139142111355
51.0474000000004	-0.00251114245996648
51.1616000000004	-0.00613643530023585
51.2758000000004	0.0181282887462605
51.3900000000004	0.0804329219895789
51.5042000000004	0.199847970994311
51.6184000000004	0.0794835229146505
51.7326000000004	0.0542182014457716
51.8468000000004	0.0283239436040817
51.9610000000005	0.0115509714765089
52.0752000000005	0.0209942171951087
52.1894000000005	0.0614390271897252
52.3036000000005	0.153712373133532
52.4178000000005	0.0673421282920093
52.5320000000005	0.045957879649702
52.6462000000005	0.0196736482812521
52.7604000000005	0.00303302791975486
52.8746000000005	0.00147664288072441
52.9888000000005	0.0263876539981792
53.1030000000005	0.095868124421546
53.2172000000005	0.224317492723625
53.3314000000005	0.0882887414171031
53.4456000000005	0.0616921247713683
53.5598000000005	0.035885170702575
53.6740000000005	0.0209526937391748
53.7882000000005	0.029010923525837
53.9024000000005	0.0750244759477939
54.0166000000005	0.175109269633327
54.1308000000005	0.0730208664512946
54.2450000000005	0.0502884788969817
54.3592000000005	0.0233641526216752
54.4734000000005	0.00594563883782188
54.5876000000005	0.00768600264320988
54.7018000000005	0.0347904645862722
54.8160000000005	0.111078080296635
54.9302000000005	0.248977153380617
55.0444000000005	0.0979879314339435
55.1586000000005	0.0701428041278421
55.2728000000005	0.044306465140304
55.3870000000005	0.0305329170654219
55.5012000000005	0.0424044052915927
55.6154000000005	0.0947750628310943
55.7296000000005	0.202828598613601
55.8438000000005	0.0830324003717359
55.9580000000005	0.0579219322577329
56.0722000000005	0.0307118931364847
56.1864000000005	0.0106217249876802
56.3006000000005	0.0151677581713259
56.4148000000005	0.0479221083962977
56.5290000000005	0.130571357877074
56.6432000000005	0.0602661037331216
56.7574000000005	0.0396437303600664
56.8716000000005	0.0126784355686837
56.9858000000005	-0.00593208194710148
57.1	-0.0111903060299506
57.2141999999995	0.0119052041168903
57.3283999999995	0.0715234435584376
57.4425999999995	0.188835566838228
57.5567999999995	0.0735245173181421
57.6709999999995	0.0471768066280189
57.7851999999995	0.0206384480720906
57.8993999999995	0.00677957069208325
58.0135999999995	0.0152445427341769
58.1277999999995	0.0540085483635482
58.2419999999995	0.145137294093384
58.3561999999995	0.0623973828492822
58.4703999999995	0.0401267337696386
58.5845999999995	0.0129661495332593
58.6987999999995	-0.00429112465984394
58.8129999999995	-0.00674872718934066
58.9271999999995	0.0196679380823659
59.0413999999995	0.0880517912959172
59.1555999999995	0.216231043621146
59.2697999999995	0.0832050229045622
59.3839999999995	0.0558949665907452
59.4981999999995	0.02938415101949
59.6123999999995	0.0133761519778513
59.7265999999995	0.000616518068766854
59.8407999999995	0.0468882651507956
59.9549999999995	0.147537284691082
60.0691999999995	0.0593961375667732
60.1833999999995	0.035817161593786
60.2975999999995	0.00875138337290583
60.4117999999995	-0.00781154242723947
60.5259999999995	-0.00600290208275656
60.6401999999995	0.0257291072760596
60.7543999999995	0.102135738507639
60.8685999999995	0.241725857418733
60.9827999999995	0.0932774097589653
61.0969999999995	0.0648157545375006
61.2111999999995	0.0386302243256545
61.3253999999995	0.0245629744859369
61.4395999999995	0.0366494890122611
61.5537999999995	0.0900644261512999
61.6679999999995	0.200044436145954
61.7821999999995	0.0803183032550813
61.8963999999995	0.0545501800059233
62.0105999999995	0.0266542569823169
62.1247999999995	0.000841447436163035
62.2389999999996	0.00627477697712853
62.3531999999996	0.0398793227707493
62.4673999999996	0.12430265403109
62.5815999999996	0.0558788553770741
62.6957999999996	0.0342298955090131
62.8099999999995	0.00668595892525028
62.9241999999995	-0.0120035309515342
63.0383999999995	-0.0169240271371764
63.1525999999995	0.00642490433092619
63.2667999999995	0.0687056081419762
63.3809999999995	0.188172582380569
63.4951999999995	0.0719215789641581
63.6093999999995	0.0449583452319486
63.7235999999995	0.0176481832989976
63.8377999999995	0.00420844750417614
63.9519999999995	0.0137265509090253
64.0661999999995	0.0544299843872215
64.1803999999995	0.147467094182561
64.2945999999995	0.0618335923605571
64.4087999999995	0.0385057360244748
64.5229999999995	0.0107933298296021
64.6371999999995	-0.00661681583388535
64.7513999999995	-0.00832052970726151
64.8655999999995	0.0193667087087714
64.9797999999994	0.0902692133381976
65.0939999999994	0.221522805672474
65.2081999999994	0.0844566639896507
65.3223999999994	0.0560419924203516
65.4365999999994	0.0292167112154368
65.5507999999994	0.0135772348443346
65.6649999999994	0.000598646111546845
65.7791999999994	0.0493011295581927
65.8933999999994	0.152897552677147
66.0075999999994	0.0599467310881927
66.1217999999994	0.0355142055547562
66.2359999999994	0.00753745160839523
66.3501999999994	-0.00885913743988504
66.4643999999994	-0.00599376168290997
66.5785999999994	0.0273871700094714
66.6927999999994	0.10690514370263
66.8069999999994	0.0501300189066718
66.9211999999994	0.0299023049886166
67.0353999999994	0.00294757437783072
67.1495999999994	-0.0167237195081878
67.2637999999993	-0.023463770619272
67.3779999999993	-0.00326089814361337
67.4921999999993	0.0545575066433782
67.6063999999993	0.168770697146209
67.7205999999993	0.0648249227198467
67.8347999999993	0.0387877123146738
67.9489999999993	0.0116375310596694
68.0631999999993	-0.0029368147311307
68.1773999999993	0.00403725929630299
68.2915999999993	0.0407711613333023
68.4057999999993	0.129129748638769
68.5199999999993	0.0562243074906696
68.6341999999993	0.0341087383647177
68.7483999999993	0.00664520194399235
68.8625999999993	-0.0114479820798748
68.9767999999993	-0.014898660598787
69.0909999999993	0.0105934346654522
69.2051999999993	0.0764976590686988
69.3193999999993	0.200954374889609
69.4335999999992	0.0767450882682421
69.5477999999992	0.0493169299729602
69.6619999999992	0.022311093953524
69.7761999999992	0.00949976650022164
69.8903999999992	0.0199826207418268
70.0045999999992	0.0644283883826303
70.1187999999992	0.160326181113098
70.2329999999992	0.0660348487415889
70.3471999999992	0.042279532285342
70.4613999999992	0.0142644731756376
70.5755999999992	-0.00298911647243814
70.6897999999992	-0.00293826704877973
70.8039999999992	0.0266515148297008
70.9181999999992	0.100750786077734
71.0323999999992	0.236549470160089
71.1465999999992	0.0906694906223947
71.2607999999992	0.0618307629378036
71.3749999999992	0.0351162318486501
71.4891999999992	0.021202337361275
71.6033999999992	0.0306854485622722
71.7175999999991	0.0819601897476744
71.8317999999991	0.188447670641921
71.9459999999991	0.0746654185156689
72.0601999999991	0.0488391454960131
72.1743999999991	0.0204870760436631
72.2885999999991	0.00388884579407444
72.4027999999991	0.0077099061993314
72.5169999999991	0.0391974019487356
72.6311999999991	0.121621584253903
72.7453999999991	0.0548159635076104
72.8595999999991	0.0330427111555639
72.9737999999991	0.0054008845952106
73.0879999999991	-0.0140029935273585
73.2021999999991	-0.0198013292678564
73.3163999999991	0.00182236268702935
73.4305999999991	0.0630677017492565
73.5447999999991	0.181362758129786
73.6589999999991	0.0686298012545217
73.7731999999991	0.0417197792361056
73.887399999999	0.0143160684388378
74.001599999999	0.000106792516287606
74.115799999999	0.00860357017896584
74.229999999999	0.0482862149460023
74.344199999999	0.140633254991451
74.458399999999	0.0586401849408194
74.572599999999	0.0355205207486775
74.686799999999	0.00742169963243309
74.800999999999	-0.010313279880378
74.915199999999	-0.0126434362197479
75.029399999999	0.0147008154096173
75.143599999999	0.084666932164094
75.257799999999	0.214609383554293
75.371999999999	0.0813370207758708
75.486199999999	0.0528320761330412
75.600399999999	0.0256346084749361
75.714599999999	0.00410001552421057
75.828799999999	0.0173488289131031
75.942999999999	0.0651009687665556
76.057199999999	0.166928694721789
76.1713999999989	0.0667184666518528
76.2855999999989	0.0416011521629552
76.3997999999989	0.0132566504557318
76.5139999999989	-0.00401431161215189
76.6281999999989	-0.00167159749365618
76.7423999999989	0.0248441641586868
76.8565999999989	0.104029215061426
76.9707999999989	0.0490371062757622
77.0849999999989	0.0285244679248959
77.1991999999989	0.00123587828976661
77.3133999999989	-0.0187755745601252
77.4275999999989	-0.0255231045636308
77.5417999999989	-0.00620324608280191
77.6559999999989	0.050744901233574
77.7701999999989	0.164271462968065
77.8843999999989	0.0620319381684714
77.9985999999989	0.0355981138612716
78.1127999999989	0.00812579561116821
78.2269999999989	-0.00648837864692377
78.3411999999988	0.000723516340868661
78.4553999999988	0.0362981771677118
78.5695999999988	0.124040693094575
78.6837999999988	0.0537448143084625
78.7979999999988	0.0313506470869713
78.9121999999988	0.00371675071281539
79.0263999999988	-0.0146106111119951
79.1405999999988	-0.0180967775393613
79.2547999999988	0.00662966325752047
79.3689999999988	0.0722863169595716
79.4831999999988	0.196700665956458
79.5973999999988	0.0743050238512858
79.7115999999988	0.0466614657303786
79.8257999999988	0.0198370762612647
79.9399999999988	0.00675597339997662
80.0541999999988	0.0172583831638748
80.1683999999988	0.0608908280241435
80.2825999999988	0.157887282746285
80.3967999999988	0.0644498907249492
80.5109999999988	0.0404251700600953
80.6251999999987	0.0123914647325789
80.7393999999987	-0.00507713483088951
80.8535999999987	-0.00527761878695458
80.9677999999987	0.0245277647700394
81.0819999999987	0.0990358187058063
81.1961999999987	0.235381279805818
81.3103999999987	0.0895685626966287
81.4245999999987	0.0608163484790986
81.5387999999987	0.0340889378108857
81.6529999999987	0.0191942552054555
81.7671999999987	0.0294480561912459
81.8813999999987	0.0810323951120968
81.9955999999987	0.188175025929577
82.1097999999987	0.0743483319843494
82.2239999999987	0.0483568307806372
82.3381999999987	0.0197914343085854
82.4523999999987	0.00289552377476109
82.5665999999987	0.0073181589328813
82.6807999999987	0.0391336131915351
82.7949999999986	0.12300781972299
82.9091999999986	0.0555800662481129
83.0233999999986	0.0335691801848106
83.1375999999986	0.0057201455710069
83.2517999999986	-0.0139271093402461
83.3659999999986	-0.0196523604316547
83.4801999999986	0.00225706773984303
83.5943999999986	0.0639596258002934
83.7085999999986	0.182888101528824
83.8227999999986	0.0690308116459389
83.9369999999986	0.0417253496359266
84.0511999999986	0.0141071206647976
84.1653999999986	8.34806165556425E-05
84.2795999999986	0.0091370155904784
84.3937999999986	0.0489872329887643
84.5079999999986	0.141354936520039
84.6221999999986	0.0589200925168136
84.7363999999986	0.0352124459670351
84.8505999999986	0.00692912507283467
84.9647999999985	-0.0108734942571062
85.0789999999985	-0.0128650638618512
85.1931999999985	0.0150870532555147
85.3073999999985	0.0849175866643924
85.4215999999985	0.215397272956627
85.5357999999985	0.0814096439129978
85.6499999999985	0.052406082502444
85.7641999999985	0.0252253944068748
85.8783999999985	0.000657384891733324
85.9925999999985	0.0142527947250772
86.1067999999985	0.0623943890037857
86.2209999999985	0.165068736607495
86.3351999999985	0.0650269011627757
86.4493999999985	0.039547716978744
86.5635999999985	0.0111766003519205
86.6777999999985	-0.00515207470063966
86.7919999999985	-0.00349609302270002
86.9061999999985	0.0292516137868643
87.0203999999985	0.108731141022553
87.1345999999985	0.0501447351527691
87.2487999999984	0.0291336022704606
87.3629999999984	0.00167439908504674
87.4771999999984	-0.0183357858522916
87.5913999999984	-0.0250715938851835
87.7055999999984	-0.00557122951915288
87.8197999999984	0.0522513730625235
87.9339999999984	0.16715096776592
88.0481999999984	0.0627488679588259
88.1623999999984	0.0358302286000471
88.2765999999984	0.00845444615014759
88.3907999999984	-0.00634544596312109
88.5049999999984	0.000901279835500465
88.6191999999984	0.037599532115315
88.7333999999984	0.126745635024236
88.8475999999984	0.0541429724665919
88.9617999999984	0.0313335912404262
89.0759999999984	0.0036718571026241
89.1901999999984	-0.0149465066455811
89.3043999999984	-0.0184200571846072
89.4185999999983	0.00735198624359264
89.5327999999983	0.0745438585889274
89.6469999999983	0.201779337351065
89.7611999999983	0.0765172365917858
89.8753999999983	0.0484266088623751
89.9895999999983	0.0212156337169989
90.1037999999983	0.00819991731870408
90.2179999999983	0.0192453828608562
90.3321999999983	0.0640561613853715
90.4463999999983	0.162242906286232
90.5605999999983	0.0654282127977629
90.6747999999983	0.041170721462148
90.7889999999983	0.0125512224785306
90.9031999999983	-0.00470168323420107
91.0173999999983	-0.00422828205645572
91.1315999999983	0.0269628688799907
91.2457999999983	0.101851249011965
91.3599999999983	0.239719643582125
91.4741999999983	0.0916827366292885
91.5883999999983	0.0620899958051653
91.7025999999982	0.0350550483522831
91.8167999999982	0.0204535465097498
91.9309999999982	0.0316410361890268
92.0451999999982	0.0853023457356829
92.1593999999982	0.192913359541795
92.2735999999982	0.0755906250048173
92.3877999999982	0.049034108560228
92.5019999999982	0.0202037714522888
92.6161999999982	0.0039489755797335
92.7303999999982	0.00842992169796023
92.8445999999982	0.0412882854489309
92.9587999999982	0.12582244929778
93.0729999999982	0.0550491880436458
93.1871999999982	0.0321474127919504
93.3013999999982	0.00409778398477959
93.4155999999982	-0.0155038995935436
93.5297999999982	-0.0202973726907959
93.6439999999982	0.00214714714120467
93.7581999999982	0.0652840153366161
93.8723999999981	0.186537787899036
93.9865999999981	0.0695298312311315
94.1007999999981	0.0416260659198392
94.2149999999981	0.0138544777580919
94.3291999999981	9.85538068254903E-05
94.4433999999981	0.0098817440006279
94.5575999999981	0.0509416656963118
94.6717999999981	0.145488483443683
94.7859999999981	0.0589951336515758
94.9001999999981	0.0346472929809908
95.0143999999981	0.00663121974748759
95.1285999999981	-0.0116662348417953
95.2427999999981	-0.0129997902183426
95.3569999999981	0.0159596458525325
95.4711999999981	0.0883017772996106
95.5853999999981	0.222220701576999
95.6995999999981	0.0839842188586055
95.8137999999981	0.0543661805326537
95.9279999999981	0.0271590488302912
96.0421999999981	0.00786889564145553
96.156399999998	0.0215716545737148
96.270599999998	0.0719368970589114
96.384799999998	0.177021203003894
96.498999999998	0.0691165935484433
96.613199999998	0.0432009338950319
96.727399999998	0.014276144291973
96.841599999998	-0.002562275187212
96.955799999998	0.000331793157951565
97.069999999998	0.000970779512606852
97.184199999998	0.084558162779665
97.298399999998	0.0376352175532845
97.412599999998	0.01617853940055
97.526799999998	-0.00719476816951294
97.640999999998	-0.0270542352911122
97.755199999998	-0.0325031979235531
97.869399999998	-0.0109791607292965
97.983599999998	0.0502130850881776
98.097799999998	0.167474231077812
98.211999999998	0.0619368576117633
98.3261999999979	0.0349979204862133
98.4403999999979	0.00720958071994441
98.5545999999979	-0.00705713429977962
98.6687999999979	0.00173184233272409
98.7829999999979	0.0408774242346541
98.8971999999979	0.133333371136914
99.0113999999979	0.0557161957128548
99.1255999999979	0.0319779608252868
99.2397999999979	0.00418257487673726
99.3539999999979	-0.0141610313030598
99.4681999999979	-0.0162073045192979
99.5823999999979	0.0110028302172381
99.6965999999979	0.0802213217351026
99.8107999999979	0.210545033254179
99.9249999999979	0.0791668567875086
100.039199999998	0.0501357202188293
100.153399999998	0.0232549001439493
100.267599999998	0.00970918990587634
100.381799999998	0.0225397105983628
100.495999999998	0.069054406913192
100.610199999998	0.170139329815056
100.724399999998	0.0677697809516562
100.838599999998	0.0421563925009587
100.952799999998	0.013560598117539
101.066999999998	-0.00371804815808548
101.181199999998	-0.0020244847229821
101.295399999998	0.0292617734468856
101.409599999998	0.107546979086482
101.523799999998	0.0499071612579158
101.637999999998	0.0293616927455413
101.752199999998	0.00150677811530193
101.866399999998	-0.0183786545174805
101.980599999998	-0.0258686673880392
102.094799999998	-0.00676292646725443
102.208999999998	0.0507424953524042
102.323199999998	0.164074067352843
102.437399999998	0.0613495826949874
102.551599999998	0.0352222939593067
102.665799999998	0.00727904529404018
102.779999999998	-0.00716010948930232
102.894199999998	-0.000707782056622285
103.008399999998	0.0342878113584267
103.122599999998	0.122898419744917
103.236799999998	0.0525231428801618
103.350999999998	0.0296298553290538
103.465199999998	0.00203143894939006
103.579399999998	-0.0166733884802172
103.693599999998	-0.0201265604805895
103.807799999998	0.00485106651676121
103.921999999998	0.0712028229211657
104.036199999998	0.19659277486006
104.150399999998	0.0737895722808303
104.264599999998	0.0459193824712521
104.378799999998	0.0186488093168349
104.492999999998	0.00556608520588296
104.607199999998	0.0168534832224159
104.721399999998	0.0608584679427258
104.835599999998	0.159749933281741
104.949799999998	0.0656518915396564
105.063999999998	0.0409153694808221
105.178199999998	0.0130491658199587
105.292399999998	-0.00491728879908062
105.406599999998	-0.00483134813523193
105.520799999998	0.0257813629609696
105.634999999998	0.100613451264824
105.749199999998	0.238035704194627
105.863399999998	0.0911966779738531
105.977599999998	0.0615315492977408
106.091799999998	0.0348510945874922
106.205999999998	0.0197778669404283
106.320199999998	0.0307835617322728
106.434399999998	0.0830033262782081
106.548599999998	0.190488109445962
106.662799999998	0.0749858469959311
106.776999999998	0.0482591220580304
106.891199999998	0.0194165834367734
107.005399999998	0.00324273744619584
107.119599999998	0.00730921208423142
107.233799999998	0.0405769655582432
107.347999999998	0.123616033222397
107.462199999998	0.0542770398873207
107.576399999998	0.0321476330148543
107.690599999998	0.00368002050730879
107.804799999998	-0.0158358572583685
107.918999999998	-0.0211225270571938
108.033199999998	0.00114288695343956
108.147399999998	0.063839556916719
108.261599999998	0.184090930411484
108.375799999997	0.068684278937584
108.489999999997	0.0410918581492128
108.604199999997	0.0130187166366362
108.718399999997	6.14813962450567E-05
108.832599999997	0.00856351837398202
108.946799999997	0.0492697484416594
109.060999999997	0.143497003657455
109.175199999997	0.0583399377001432
109.289399999997	0.0341380211800607
109.403599999997	0.0058072498204118
109.517799999997	-0.0123100769452196
109.631999999997	-0.0136172687225122
109.746199999997	0.0146724426068558
109.860399999997	0.0862207006910396
109.974599999997	0.219748798002713
110.088799999997	0.0822718208268952
110.202999999997	0.052759618652857
110.317199999997	0.025835122638918
110.431399999997	0.000865897588702188
110.545599999997	0.0154778862420985
110.659799999997	0.064872283997769
110.773999999997	0.16922048238701
110.888199999997	0.0663281927990222
111.002399999997	0.040142844312753
111.116599999997	0.0118707362161938
111.230799999997	-0.00541376392657589
111.344999999997	-0.00245864769681796
111.459199999997	0.0279345566504597
111.573399999997	0.109055923820383
111.687599999997	0.0489470472173245
111.801799999997	0.0274624545891317
111.915999999997	-0.000386769255254128
112.030199999997	-0.0200765433003548
112.144399999997	-0.0266569523659924
112.258599999997	-0.00584115016572518
112.372799999997	0.0545308335832482
112.486999999997	0.171025308632838
112.601199999997	0.063445583009957
112.715399999997	0.036674223860245
112.829599999997	0.00866511027933205
112.943799999997	-0.00549795300563146
113.057999999997	0.00245767170491976
113.172199999997	0.0410362532265957
113.286399999997	0.132276039242556
113.400599999997	0.0550925371443141
113.514799999997	0.0317274355819406
113.628999999997	0.00356481905916723
113.743199999997	-0.0148945695584395
113.857399999997	-0.0171956297886054
113.971599999997	0.00930550554335157
114.085799999997	0.0792520265147612
114.2	0.207201363138407
