"Time [ns]"	"NodeVoltage(Ivca1) [mV]"	"NodeVoltage(Ivca2) [mV]"	"NodeVoltage(Ivcb1) [mV]"	"NodeVoltage(Ivcb2) [mV]"	"NodeVoltage(Ivcc1) [mV]"	"NodeVoltage(Ivcc2) [mV]"
114200	1000	-1000	-1000	1000	-1000	-1000
228400	1000	-1000	-1000	1000	-1000	-1000
342600	1000	-1000	-1000	1000	-1000	-1000
456800	1000	-1000	-1000	1000	-1000	-1000
571000	1000	-1000	-1000	1000	-1000	-1000
685200	1000	-1000	-1000	1000	-1000	-1000
799400	1000	-1000	-1000	1000	-1000	-1000
913600	1000	-1000	-1000	1000	-1000	-1000
1027800	1000	-1000	-1000	1000	-1000	-1000
1142000	1000	-1000	-1000	1000	-1000	-1000
1256200	1000	-1000	-1000	1000	-1000	-1000
1370400	1000	-1000	-1000	1000	-1000	-1000
1484600	1000	-1000	-1000	1000	-1000	-1000
1598800	1000	-1000	-1000	1000	-1000	-1000
1713000	1000	-1000	-1000	1000	-1000	-1000
1827200	1000	-1000	-1000	1000	-1000	-1000
1941400	1000	-1000	-1000	1000	-1000	-1000
2055600	1000	-1000	-1000	1000	-1000	-1000
2169800	1000	-1000	-1000	1000	-1000	-1000
2284000	1000	-1000	-1000	1000	-1000	-1000
2398200	1000	-1000	-1000	1000	-1000	-1000
2512400	1000	-1000	-1000	1000	-1000	-1000
2626600	1000	-1000	-1000	1000	-1000	-1000
2740800	1000	-1000	-1000	1000	-1000	-1000
2855000	1000	-1000	-1000	1000	-1000	-1000
2969200	1000	-1000	-1000	1000	-1000	-1000
3083400	1000	-1000	-1000	1000	-1000	-1000
3197600	1000	-1000	-1000	1000	-1000	-1000
3311800	1000	-1000	-1000	1000	-1000	-1000
3426000	1000	-1000	-1000	1000	-1000	-1000
3540200	1000	-1000	-1000	1000	-1000	-1000
3654400	1000	-1000	-1000	1000	-1000	-1000
3768600	1000	-1000	-1000	1000	-1000	-1000
3882800	1000	-1000	-1000	1000	-1000	-1000
3997000	1000	-1000	-1000	1000	-1000	-1000
4111200	1000	-1000	-1000	1000	-1000	-1000
4225400	1000	-1000	-1000	1000	-1000	-1000
4339600	1000	-1000	-1000	1000	-1000	-1000
4453800	1000	-1000	-1000	-1000	-1000	1000
4568000	1000	-1000	-1000	-1000	-1000	1000
4682200	1000	-1000	-1000	-1000	-1000	1000
4796400	1000	-1000	-1000	-1000	-1000	1000
4910600	1000	-1000	-1000	-1000	-1000	1000
5024800	1000	-1000	-1000	-1000	-1000	1000
5139000	1000	-1000	-1000	-1000	-1000	1000
5253200	1000	-1000	-1000	-1000	-1000	1000
5367400	1000	-1000	-1000	-1000	-1000	1000
5481600	1000	-1000	-1000	-1000	-1000	1000
5595800	1000	-1000	-1000	-1000	-1000	1000
5710000	1000	-1000	-1000	-1000	-1000	1000
5824200	1000	-1000	-1000	-1000	-1000	1000
5938400	1000	-1000	-1000	-1000	-1000	1000
6052600	-1000	-1000	1000	-1000	-1000	1000
6166800	-1000	-1000	1000	-1000	-1000	1000
6281000	-1000	-1000	1000	-1000	-1000	1000
6395200	-1000	-1000	1000	-1000	-1000	1000
6509400	-1000	-1000	1000	-1000	-1000	1000
6623600	-1000	-1000	1000	-1000	-1000	1000
6737800	-1000	-1000	1000	-1000	-1000	1000
6852000	-1000	-1000	1000	-1000	-1000	1000
6966200	-1000	-1000	1000	-1000	-1000	1000
7080400	-1000	-1000	1000	-1000	-1000	1000
7194600	-1000	1000	1000	-1000	-1000	-1000
7308800	-1000	1000	1000	-1000	-1000	-1000
7423000	-1000	1000	1000	-1000	-1000	-1000
7537200	-1000	1000	1000	-1000	-1000	-1000
7651400	-1000	1000	1000	-1000	-1000	-1000
7765600	-1000	1000	1000	-1000	-1000	-1000
7879800	-1000	1000	1000	-1000	-1000	-1000
7994000	-1000	1000	1000	-1000	-1000	-1000
8108200	-1000	1000	1000	-1000	-1000	-1000
8222400	-1000	1000	1000	-1000	-1000	-1000
8336600	-1000	1000	-1000	-1000	1000	-1000
8450800	-1000	1000	-1000	-1000	1000	-1000
8565000	-1000	1000	-1000	-1000	1000	-1000
8679200	-1000	1000	-1000	-1000	1000	-1000
8793400.00000001	-1000	1000	-1000	-1000	1000	-1000
8907600.00000001	-1000	1000	-1000	-1000	1000	-1000
9021800.00000001	-1000	1000	-1000	-1000	1000	-1000
9136000.00000001	-1000	1000	-1000	-1000	1000	-1000
9250200.00000001	-1000	1000	-1000	-1000	1000	-1000
9364400.00000001	-1000	1000	-1000	-1000	1000	-1000
9478600.00000001	-1000	-1000	-1000	1000	1000	-1000
9592800.00000001	-1000	-1000	-1000	1000	1000	-1000
9707000.00000001	-1000	-1000	-1000	1000	1000	-1000
9821200.00000001	-1000	-1000	-1000	1000	1000	-1000
9935400.00000001	-1000	-1000	-1000	1000	1000	-1000
10049600	-1000	-1000	-1000	1000	1000	-1000
10163800	-1000	-1000	-1000	1000	1000	-1000
10278000	-1000	-1000	-1000	1000	1000	-1000
10392200	-1000	-1000	-1000	1000	1000	-1000
10506400	1000	-1000	-1000	1000	-1000	-1000
10620600	1000	-1000	-1000	1000	-1000	-1000
10734800	1000	-1000	-1000	1000	-1000	-1000
10849000	1000	-1000	-1000	1000	-1000	-1000
10963200	1000	-1000	-1000	1000	-1000	-1000
11077400	1000	-1000	-1000	1000	-1000	-1000
11191600	1000	-1000	-1000	1000	-1000	-1000
11305800	1000	-1000	-1000	1000	-1000	-1000
11420000	1000	-1000	-1000	-1000	-1000	1000
11534200	1000	-1000	-1000	-1000	-1000	1000
11648400	1000	-1000	-1000	-1000	-1000	1000
11762600	1000	-1000	-1000	-1000	-1000	1000
11876800	1000	-1000	-1000	-1000	-1000	1000
11991000	1000	-1000	-1000	-1000	-1000	1000
12105200	1000	-1000	-1000	-1000	-1000	1000
12219400	1000	-1000	-1000	-1000	-1000	1000
12333600	1000	-1000	-1000	-1000	-1000	1000
12447800	-1000	-1000	1000	-1000	-1000	1000
12562000	-1000	-1000	1000	-1000	-1000	1000
12676200	-1000	-1000	1000	-1000	-1000	1000
12790400	-1000	-1000	1000	-1000	-1000	1000
12904600	-1000	-1000	1000	-1000	-1000	1000
13018800	-1000	-1000	1000	-1000	-1000	1000
13133000	-1000	-1000	1000	-1000	-1000	1000
13247200	-1000	-1000	1000	-1000	-1000	1000
13361400	-1000	1000	1000	-1000	-1000	-1000
13475600	-1000	1000	1000	-1000	-1000	-1000
13589800	-1000	1000	1000	-1000	-1000	-1000
13704000	-1000	1000	1000	-1000	-1000	-1000
13818200	-1000	1000	1000	-1000	-1000	-1000
13932400	-1000	1000	1000	-1000	-1000	-1000
14046600	-1000	1000	1000	-1000	-1000	-1000
14160800	-1000	1000	1000	-1000	-1000	-1000
14275000	-1000	1000	-1000	-1000	1000	-1000
14389200	-1000	1000	-1000	-1000	1000	-1000
14503400	-1000	1000	-1000	-1000	1000	-1000
14617600	-1000	1000	-1000	-1000	1000	-1000
14731800	-1000	1000	-1000	-1000	1000	-1000
14846000	-1000	1000	-1000	-1000	1000	-1000
14960200	-1000	1000	-1000	-1000	1000	-1000
15074400	-1000	1000	-1000	-1000	1000	-1000
15188600	-1000	-1000	-1000	1000	1000	-1000
15302800	-1000	-1000	-1000	1000	1000	-1000
15417000	-1000	-1000	-1000	1000	1000	-1000
15531200	-1000	-1000	-1000	1000	1000	-1000
15645400	-1000	-1000	-1000	1000	1000	-1000
15759600	-1000	-1000	-1000	1000	1000	-1000
15873800	-1000	-1000	-1000	1000	1000	-1000
15988000	-1000	-1000	-1000	1000	1000	-1000
16102200	1000	-1000	-1000	1000	-1000	-1000
16216400	1000	-1000	-1000	1000	-1000	-1000
16330600	1000	-1000	-1000	1000	-1000	-1000
16444800	1000	-1000	-1000	1000	-1000	-1000
16559000	1000	-1000	-1000	1000	-1000	-1000
16673200	1000	-1000	-1000	1000	-1000	-1000
16787400	1000	-1000	-1000	1000	-1000	-1000
16901600	1000	-1000	-1000	1000	-1000	-1000
17015800	1000	-1000	-1000	-1000	-1000	1000
17130000	1000	-1000	-1000	-1000	-1000	1000
17244200	1000	-1000	-1000	-1000	-1000	1000
17358400	1000	-1000	-1000	-1000	-1000	1000
17472600	1000	-1000	-1000	-1000	-1000	1000
17586800	1000	-1000	-1000	-1000	-1000	1000
17701000	1000	-1000	-1000	-1000	-1000	1000
17815200	1000	-1000	-1000	-1000	-1000	1000
17929400	-1000	-1000	1000	-1000	-1000	1000
18043600	-1000	-1000	1000	-1000	-1000	1000
18157800	-1000	-1000	1000	-1000	-1000	1000
18272000	-1000	-1000	1000	-1000	-1000	1000
18386200	-1000	-1000	1000	-1000	-1000	1000
18500400	-1000	-1000	1000	-1000	-1000	1000
18614600	-1000	-1000	1000	-1000	-1000	1000
18728800	-1000	-1000	1000	-1000	-1000	1000
18843000	-1000	1000	1000	-1000	-1000	-1000
18957200	-1000	1000	1000	-1000	-1000	-1000
19071400	-1000	1000	1000	-1000	-1000	-1000
19185600	-1000	1000	1000	-1000	-1000	-1000
19299800	-1000	1000	1000	-1000	-1000	-1000
19414000	-1000	1000	1000	-1000	-1000	-1000
19528200	-1000	1000	1000	-1000	-1000	-1000
19642400	-1000	1000	1000	-1000	-1000	-1000
19756600	-1000	1000	-1000	-1000	1000	-1000
19870799.9999999	-1000	1000	-1000	-1000	1000	-1000
19984999.9999999	-1000	1000	-1000	-1000	1000	-1000
20099199.9999999	-1000	1000	-1000	-1000	1000	-1000
20213399.9999999	-1000	1000	-1000	-1000	1000	-1000
20327599.9999999	-1000	1000	-1000	-1000	1000	-1000
20441799.9999999	-1000	1000	-1000	-1000	1000	-1000
20555999.9999999	-1000	-1000	-1000	1000	1000	-1000
20670199.9999999	-1000	-1000	-1000	1000	1000	-1000
20784399.9999999	-1000	-1000	-1000	1000	1000	-1000
20898599.9999999	-1000	-1000	-1000	1000	1000	-1000
21012799.9999999	-1000	-1000	-1000	1000	1000	-1000
21126999.9999999	-1000	-1000	-1000	1000	1000	-1000
21241199.9999999	-1000	-1000	-1000	1000	1000	-1000
21355399.9999999	-1000	-1000	-1000	1000	1000	-1000
21469599.9999999	1000	-1000	-1000	1000	-1000	-1000
21583799.9999999	1000	-1000	-1000	1000	-1000	-1000
21697999.9999999	1000	-1000	-1000	1000	-1000	-1000
21812199.9999999	1000	-1000	-1000	1000	-1000	-1000
21926399.9999999	1000	-1000	-1000	1000	-1000	-1000
22040599.9999999	1000	-1000	-1000	1000	-1000	-1000
22154799.9999999	1000	-1000	-1000	1000	-1000	-1000
22268999.9999999	1000	-1000	-1000	1000	-1000	-1000
22383199.9999999	1000	-1000	-1000	-1000	-1000	1000
22497399.9999999	1000	-1000	-1000	-1000	-1000	1000
22611599.9999999	1000	-1000	-1000	-1000	-1000	1000
22725799.9999999	1000	-1000	-1000	-1000	-1000	1000
22839999.9999999	1000	-1000	-1000	-1000	-1000	1000
22954199.9999999	1000	-1000	-1000	-1000	-1000	1000
23068399.9999999	1000	-1000	-1000	-1000	-1000	1000
23182599.9999999	-1000	-1000	1000	-1000	-1000	1000
23296799.9999999	-1000	-1000	1000	-1000	-1000	1000
23410999.9999999	-1000	-1000	1000	-1000	-1000	1000
23525199.9999999	-1000	-1000	1000	-1000	-1000	1000
23639399.9999999	-1000	-1000	1000	-1000	-1000	1000
23753599.9999999	-1000	-1000	1000	-1000	-1000	1000
23867799.9999999	-1000	-1000	1000	-1000	-1000	1000
23981999.9999999	-1000	-1000	1000	-1000	-1000	1000
24096199.9999999	-1000	1000	1000	-1000	-1000	-1000
24210399.9999999	-1000	1000	1000	-1000	-1000	-1000
24324599.9999999	-1000	1000	1000	-1000	-1000	-1000
24438799.9999999	-1000	1000	1000	-1000	-1000	-1000
24552999.9999999	-1000	1000	1000	-1000	-1000	-1000
24667199.9999999	-1000	1000	1000	-1000	-1000	-1000
24781399.9999999	-1000	1000	1000	-1000	-1000	-1000
24895599.9999999	-1000	1000	1000	-1000	-1000	-1000
25009799.9999999	-1000	1000	-1000	-1000	1000	-1000
25123999.9999999	-1000	1000	-1000	-1000	1000	-1000
25238199.9999999	-1000	1000	-1000	-1000	1000	-1000
25352399.9999999	-1000	1000	-1000	-1000	1000	-1000
25466599.9999999	-1000	1000	-1000	-1000	1000	-1000
25580799.9999999	-1000	1000	-1000	-1000	1000	-1000
25694999.9999999	-1000	1000	-1000	-1000	1000	-1000
25809199.9999999	-1000	-1000	-1000	1000	1000	-1000
25923399.9999999	-1000	-1000	-1000	1000	1000	-1000
26037599.9999999	-1000	-1000	-1000	1000	1000	-1000
26151799.9999999	-1000	-1000	-1000	1000	1000	-1000
26265999.9999999	-1000	-1000	-1000	1000	1000	-1000
26380199.9999999	-1000	-1000	-1000	1000	1000	-1000
26494399.9999999	-1000	-1000	-1000	1000	1000	-1000
26608599.9999999	-1000	-1000	-1000	1000	1000	-1000
26722799.9999998	1000	-1000	-1000	1000	-1000	-1000
26836999.9999998	1000	-1000	-1000	1000	-1000	-1000
26951199.9999998	1000	-1000	-1000	1000	-1000	-1000
27065399.9999998	1000	-1000	-1000	1000	-1000	-1000
27179599.9999998	1000	-1000	-1000	1000	-1000	-1000
27293799.9999998	1000	-1000	-1000	1000	-1000	-1000
27407999.9999998	1000	-1000	-1000	1000	-1000	-1000
27522199.9999998	1000	-1000	-1000	1000	-1000	-1000
27636399.9999998	1000	-1000	-1000	-1000	-1000	1000
27750599.9999998	1000	-1000	-1000	-1000	-1000	1000
27864799.9999998	1000	-1000	-1000	-1000	-1000	1000
27978999.9999998	1000	-1000	-1000	-1000	-1000	1000
28093199.9999998	1000	-1000	-1000	-1000	-1000	1000
28207399.9999998	1000	-1000	-1000	-1000	-1000	1000
28321599.9999998	1000	-1000	-1000	-1000	-1000	1000
28435799.9999998	-1000	-1000	1000	-1000	-1000	1000
28549999.9999998	-1000	-1000	1000	-1000	-1000	1000
28664199.9999998	-1000	-1000	1000	-1000	-1000	1000
28778399.9999998	-1000	-1000	1000	-1000	-1000	1000
28892599.9999998	-1000	-1000	1000	-1000	-1000	1000
29006799.9999998	-1000	-1000	1000	-1000	-1000	1000
29120999.9999998	-1000	-1000	1000	-1000	-1000	1000
29235199.9999998	-1000	-1000	1000	-1000	-1000	1000
29349399.9999998	-1000	1000	1000	-1000	-1000	-1000
29463599.9999998	-1000	1000	1000	-1000	-1000	-1000
29577799.9999998	-1000	1000	1000	-1000	-1000	-1000
29691999.9999998	-1000	1000	1000	-1000	-1000	-1000
29806199.9999998	-1000	1000	1000	-1000	-1000	-1000
29920399.9999998	-1000	1000	1000	-1000	-1000	-1000
30034599.9999998	-1000	1000	1000	-1000	-1000	-1000
30148799.9999998	-1000	1000	-1000	-1000	1000	-1000
30262999.9999998	-1000	1000	-1000	-1000	1000	-1000
30377199.9999998	-1000	1000	-1000	-1000	1000	-1000
30491399.9999998	-1000	1000	-1000	-1000	1000	-1000
30605599.9999998	-1000	1000	-1000	-1000	1000	-1000
30719799.9999998	-1000	1000	-1000	-1000	1000	-1000
30833999.9999998	-1000	1000	-1000	-1000	1000	-1000
30948199.9999998	-1000	1000	-1000	-1000	1000	-1000
31062399.9999998	-1000	-1000	-1000	1000	1000	-1000
31176599.9999998	-1000	-1000	-1000	1000	1000	-1000
31290799.9999998	-1000	-1000	-1000	1000	1000	-1000
31404999.9999998	-1000	-1000	-1000	1000	1000	-1000
31519199.9999998	-1000	-1000	-1000	1000	1000	-1000
31633399.9999998	-1000	-1000	-1000	1000	1000	-1000
31747599.9999998	-1000	-1000	-1000	1000	1000	-1000
31861799.9999998	1000	-1000	-1000	1000	-1000	-1000
31975999.9999998	1000	-1000	-1000	1000	-1000	-1000
32090199.9999998	1000	-1000	-1000	1000	-1000	-1000
32204399.9999998	1000	-1000	-1000	1000	-1000	-1000
32318599.9999998	1000	-1000	-1000	1000	-1000	-1000
32432799.9999998	1000	-1000	-1000	1000	-1000	-1000
32546999.9999998	1000	-1000	-1000	1000	-1000	-1000
32661199.9999998	1000	-1000	-1000	1000	-1000	-1000
32775399.9999998	1000	-1000	-1000	-1000	-1000	1000
32889599.9999998	1000	-1000	-1000	-1000	-1000	1000
33003799.9999998	1000	-1000	-1000	-1000	-1000	1000
33117999.9999998	1000	-1000	-1000	-1000	-1000	1000
33232199.9999998	1000	-1000	-1000	-1000	-1000	1000
33346399.9999998	1000	-1000	-1000	-1000	-1000	1000
33460599.9999998	1000	-1000	-1000	-1000	-1000	1000
33574799.9999998	-1000	-1000	1000	-1000	-1000	1000
33688999.9999998	-1000	-1000	1000	-1000	-1000	1000
33803199.9999998	-1000	-1000	1000	-1000	-1000	1000
33917399.9999998	-1000	-1000	1000	-1000	-1000	1000
34031599.9999998	-1000	-1000	1000	-1000	-1000	1000
34145799.9999998	-1000	-1000	1000	-1000	-1000	1000
34260000	-1000	-1000	1000	-1000	-1000	1000
34374200.0000002	-1000	-1000	1000	-1000	-1000	1000
34488400.0000002	-1000	1000	1000	-1000	-1000	-1000
34602600.0000002	-1000	1000	1000	-1000	-1000	-1000
34716800.0000002	-1000	1000	1000	-1000	-1000	-1000
34831000.0000002	-1000	1000	1000	-1000	-1000	-1000
34945200.0000002	-1000	1000	1000	-1000	-1000	-1000
35059400.0000002	-1000	1000	1000	-1000	-1000	-1000
35173600.0000002	-1000	1000	1000	-1000	-1000	-1000
35287800.0000002	-1000	1000	-1000	-1000	1000	-1000
35402000.0000002	-1000	1000	-1000	-1000	1000	-1000
35516200.0000002	-1000	1000	-1000	-1000	1000	-1000
35630400.0000002	-1000	1000	-1000	-1000	1000	-1000
35744600.0000002	-1000	1000	-1000	-1000	1000	-1000
35858800.0000002	-1000	1000	-1000	-1000	1000	-1000
35973000.0000002	-1000	1000	-1000	-1000	1000	-1000
36087200.0000002	-1000	1000	-1000	-1000	1000	-1000
36201400.0000002	-1000	-1000	-1000	1000	1000	-1000
36315600.0000002	-1000	-1000	-1000	1000	1000	-1000
36429800.0000002	-1000	-1000	-1000	1000	1000	-1000
36544000.0000002	-1000	-1000	-1000	1000	1000	-1000
36658200.0000002	-1000	-1000	-1000	1000	1000	-1000
36772400.0000002	-1000	-1000	-1000	1000	1000	-1000
36886600.0000002	-1000	-1000	-1000	1000	1000	-1000
37000800.0000002	1000	-1000	-1000	1000	-1000	-1000
37115000.0000002	1000	-1000	-1000	1000	-1000	-1000
37229200.0000002	1000	-1000	-1000	1000	-1000	-1000
37343400.0000002	1000	-1000	-1000	1000	-1000	-1000
37457600.0000002	1000	-1000	-1000	1000	-1000	-1000
37571800.0000002	1000	-1000	-1000	1000	-1000	-1000
37686000.0000002	1000	-1000	-1000	1000	-1000	-1000
37800200.0000002	1000	-1000	-1000	1000	-1000	-1000
37914400.0000002	1000	-1000	-1000	-1000	-1000	1000
38028600.0000002	1000	-1000	-1000	-1000	-1000	1000
38142800.0000002	1000	-1000	-1000	-1000	-1000	1000
38257000.0000002	1000	-1000	-1000	-1000	-1000	1000
38371200.0000002	1000	-1000	-1000	-1000	-1000	1000
38485400.0000002	1000	-1000	-1000	-1000	-1000	1000
38599600.0000002	1000	-1000	-1000	-1000	-1000	1000
38713800.0000002	-1000	-1000	1000	-1000	-1000	1000
38828000.0000002	-1000	-1000	1000	-1000	-1000	1000
38942200.0000002	-1000	-1000	1000	-1000	-1000	1000
39056400.0000002	-1000	-1000	1000	-1000	-1000	1000
39170600.0000002	-1000	-1000	1000	-1000	-1000	1000
39284800.0000003	-1000	-1000	1000	-1000	-1000	1000
39399000.0000003	-1000	-1000	1000	-1000	-1000	1000
39513200.0000003	-1000	-1000	1000	-1000	-1000	1000
39627400.0000003	-1000	1000	1000	-1000	-1000	-1000
39741600.0000003	-1000	1000	1000	-1000	-1000	-1000
39855800.0000003	-1000	1000	1000	-1000	-1000	-1000
39970000.0000003	-1000	1000	1000	-1000	-1000	-1000
40084200.0000003	-1000	1000	1000	-1000	-1000	-1000
40198400.0000003	-1000	1000	1000	-1000	-1000	-1000
40312600.0000003	-1000	1000	1000	-1000	-1000	-1000
40426800.0000003	-1000	1000	-1000	-1000	1000	-1000
40541000.0000003	-1000	1000	-1000	-1000	1000	-1000
40655200.0000003	-1000	1000	-1000	-1000	1000	-1000
40769400.0000003	-1000	1000	-1000	-1000	1000	-1000
40883600.0000003	-1000	1000	-1000	-1000	1000	-1000
40997800.0000003	-1000	1000	-1000	-1000	1000	-1000
41112000.0000003	-1000	1000	-1000	-1000	1000	-1000
41226200.0000003	-1000	-1000	-1000	1000	1000	-1000
41340400.0000003	-1000	-1000	-1000	1000	1000	-1000
41454600.0000003	-1000	-1000	-1000	1000	1000	-1000
41568800.0000003	-1000	-1000	-1000	1000	1000	-1000
41683000.0000003	-1000	-1000	-1000	1000	1000	-1000
41797200.0000003	-1000	-1000	-1000	1000	1000	-1000
41911400.0000003	-1000	-1000	-1000	1000	1000	-1000
42025600.0000003	-1000	-1000	-1000	1000	1000	-1000
42139800.0000003	1000	-1000	-1000	1000	-1000	-1000
42254000.0000003	1000	-1000	-1000	1000	-1000	-1000
42368200.0000003	1000	-1000	-1000	1000	-1000	-1000
42482400.0000003	1000	-1000	-1000	1000	-1000	-1000
42596600.0000003	1000	-1000	-1000	1000	-1000	-1000
42710800.0000003	1000	-1000	-1000	1000	-1000	-1000
42825000.0000003	1000	-1000	-1000	1000	-1000	-1000
42939200.0000003	1000	-1000	-1000	-1000	-1000	1000
43053400.0000003	1000	-1000	-1000	-1000	-1000	1000
43167600.0000003	1000	-1000	-1000	-1000	-1000	1000
43281800.0000003	1000	-1000	-1000	-1000	-1000	1000
43396000.0000003	1000	-1000	-1000	-1000	-1000	1000
43510200.0000003	1000	-1000	-1000	-1000	-1000	1000
43624400.0000003	1000	-1000	-1000	-1000	-1000	1000
43738600.0000003	1000	-1000	-1000	-1000	-1000	1000
43852800.0000003	-1000	-1000	1000	-1000	-1000	1000
43967000.0000003	-1000	-1000	1000	-1000	-1000	1000
44081200.0000003	-1000	-1000	1000	-1000	-1000	1000
44195400.0000003	-1000	-1000	1000	-1000	-1000	1000
44309600.0000003	-1000	-1000	1000	-1000	-1000	1000
44423800.0000003	-1000	-1000	1000	-1000	-1000	1000
44538000.0000003	-1000	-1000	1000	-1000	-1000	1000
44652200.0000003	-1000	1000	1000	-1000	-1000	-1000
44766400.0000003	-1000	1000	1000	-1000	-1000	-1000
44880600.0000003	-1000	1000	1000	-1000	-1000	-1000
44994800.0000003	-1000	1000	1000	-1000	-1000	-1000
45109000.0000003	-1000	1000	1000	-1000	-1000	-1000
45223200.0000003	-1000	1000	1000	-1000	-1000	-1000
45337400.0000003	-1000	1000	1000	-1000	-1000	-1000
45451600.0000003	-1000	1000	1000	-1000	-1000	-1000
45565800.0000004	-1000	1000	-1000	-1000	1000	-1000
45680000.0000004	-1000	1000	-1000	-1000	1000	-1000
45794200.0000004	-1000	1000	-1000	-1000	1000	-1000
45908400.0000004	-1000	1000	-1000	-1000	1000	-1000
46022600.0000004	-1000	1000	-1000	-1000	1000	-1000
46136800.0000004	-1000	1000	-1000	-1000	1000	-1000
46251000.0000004	-1000	1000	-1000	-1000	1000	-1000
46365200.0000004	-1000	-1000	-1000	1000	1000	-1000
46479400.0000004	-1000	-1000	-1000	1000	1000	-1000
46593600.0000004	-1000	-1000	-1000	1000	1000	-1000
46707800.0000004	-1000	-1000	-1000	1000	1000	-1000
46822000.0000004	-1000	-1000	-1000	1000	1000	-1000
46936200.0000004	-1000	-1000	-1000	1000	1000	-1000
47050400.0000004	-1000	-1000	-1000	1000	1000	-1000
47164600.0000004	-1000	-1000	-1000	1000	1000	-1000
47278800.0000004	1000	-1000	-1000	1000	-1000	-1000
47393000.0000004	1000	-1000	-1000	1000	-1000	-1000
47507200.0000004	1000	-1000	-1000	1000	-1000	-1000
47621400.0000004	1000	-1000	-1000	1000	-1000	-1000
47735600.0000004	1000	-1000	-1000	1000	-1000	-1000
47849800.0000004	1000	-1000	-1000	1000	-1000	-1000
47964000.0000004	1000	-1000	-1000	1000	-1000	-1000
48078200.0000004	1000	-1000	-1000	-1000	-1000	1000
48192400.0000004	1000	-1000	-1000	-1000	-1000	1000
48306600.0000004	1000	-1000	-1000	-1000	-1000	1000
48420800.0000004	1000	-1000	-1000	-1000	-1000	1000
48535000.0000004	1000	-1000	-1000	-1000	-1000	1000
48649200.0000004	1000	-1000	-1000	-1000	-1000	1000
48763400.0000004	1000	-1000	-1000	-1000	-1000	1000
48877600.0000004	-1000	-1000	1000	-1000	-1000	1000
48991800.0000004	-1000	-1000	1000	-1000	-1000	1000
49106000.0000004	-1000	-1000	1000	-1000	-1000	1000
49220200.0000004	-1000	-1000	1000	-1000	-1000	1000
49334400.0000004	-1000	-1000	1000	-1000	-1000	1000
49448600.0000004	-1000	-1000	1000	-1000	-1000	1000
49562800.0000004	-1000	-1000	1000	-1000	-1000	1000
49677000.0000004	-1000	-1000	1000	-1000	-1000	1000
49791200.0000004	-1000	1000	1000	-1000	-1000	-1000
49905400.0000004	-1000	1000	1000	-1000	-1000	-1000
50019600.0000004	-1000	1000	1000	-1000	-1000	-1000
50133800.0000004	-1000	1000	1000	-1000	-1000	-1000
50248000.0000004	-1000	1000	1000	-1000	-1000	-1000
50362200.0000004	-1000	1000	1000	-1000	-1000	-1000
50476400.0000004	-1000	1000	1000	-1000	-1000	-1000
50590600.0000004	-1000	1000	-1000	-1000	1000	-1000
50704800.0000004	-1000	1000	-1000	-1000	1000	-1000
50819000.0000004	-1000	1000	-1000	-1000	1000	-1000
50933200.0000004	-1000	1000	-1000	-1000	1000	-1000
51047400.0000004	-1000	1000	-1000	-1000	1000	-1000
51161600.0000004	-1000	1000	-1000	-1000	1000	-1000
51275800.0000004	-1000	1000	-1000	-1000	1000	-1000
51390000.0000004	-1000	1000	-1000	-1000	1000	-1000
51504200.0000004	-1000	-1000	-1000	1000	1000	-1000
51618400.0000004	-1000	-1000	-1000	1000	1000	-1000
51732600.0000004	-1000	-1000	-1000	1000	1000	-1000
51846800.0000004	-1000	-1000	-1000	1000	1000	-1000
51961000.0000005	-1000	-1000	-1000	1000	1000	-1000
52075200.0000005	-1000	-1000	-1000	1000	1000	-1000
52189400.0000005	-1000	-1000	-1000	1000	1000	-1000
52303600.0000005	1000	-1000	-1000	1000	-1000	-1000
52417800.0000005	1000	-1000	-1000	1000	-1000	-1000
52532000.0000005	1000	-1000	-1000	1000	-1000	-1000
52646200.0000005	1000	-1000	-1000	1000	-1000	-1000
52760400.0000005	1000	-1000	-1000	1000	-1000	-1000
52874600.0000005	1000	-1000	-1000	1000	-1000	-1000
52988800.0000005	1000	-1000	-1000	1000	-1000	-1000
53103000.0000005	1000	-1000	-1000	1000	-1000	-1000
53217200.0000005	1000	-1000	-1000	-1000	-1000	1000
53331400.0000005	1000	-1000	-1000	-1000	-1000	1000
53445600.0000005	1000	-1000	-1000	-1000	-1000	1000
53559800.0000005	1000	-1000	-1000	-1000	-1000	1000
53674000.0000005	1000	-1000	-1000	-1000	-1000	1000
53788200.0000005	1000	-1000	-1000	-1000	-1000	1000
53902400.0000005	1000	-1000	-1000	-1000	-1000	1000
54016600.0000005	-1000	-1000	1000	-1000	-1000	1000
54130800.0000005	-1000	-1000	1000	-1000	-1000	1000
54245000.0000005	-1000	-1000	1000	-1000	-1000	1000
54359200.0000005	-1000	-1000	1000	-1000	-1000	1000
54473400.0000005	-1000	-1000	1000	-1000	-1000	1000
54587600.0000005	-1000	-1000	1000	-1000	-1000	1000
54701800.0000005	-1000	-1000	1000	-1000	-1000	1000
54816000.0000005	-1000	-1000	1000	-1000	-1000	1000
54930200.0000005	-1000	1000	1000	-1000	-1000	-1000
55044400.0000005	-1000	1000	1000	-1000	-1000	-1000
55158600.0000005	-1000	1000	1000	-1000	-1000	-1000
55272800.0000005	-1000	1000	1000	-1000	-1000	-1000
55387000.0000005	-1000	1000	1000	-1000	-1000	-1000
55501200.0000005	-1000	1000	1000	-1000	-1000	-1000
55615400.0000005	-1000	1000	1000	-1000	-1000	-1000
55729600.0000005	-1000	1000	-1000	-1000	1000	-1000
55843800.0000005	-1000	1000	-1000	-1000	1000	-1000
55958000.0000005	-1000	1000	-1000	-1000	1000	-1000
56072200.0000005	-1000	1000	-1000	-1000	1000	-1000
56186400.0000005	-1000	1000	-1000	-1000	1000	-1000
56300600.0000005	-1000	1000	-1000	-1000	1000	-1000
56414800.0000005	-1000	1000	-1000	-1000	1000	-1000
56529000.0000005	-1000	-1000	-1000	1000	1000	-1000
56643200.0000005	-1000	-1000	-1000	1000	1000	-1000
56757400.0000005	-1000	-1000	-1000	1000	1000	-1000
56871600.0000005	-1000	-1000	-1000	1000	1000	-1000
56985800.0000005	-1000	-1000	-1000	1000	1000	-1000
57100000	-1000	-1000	-1000	1000	1000	-1000
57214199.9999995	-1000	-1000	-1000	1000	1000	-1000
57328399.9999995	-1000	-1000	-1000	1000	1000	-1000
57442599.9999995	1000	-1000	-1000	1000	-1000	-1000
57556799.9999995	1000	-1000	-1000	1000	-1000	-1000
57670999.9999995	1000	-1000	-1000	1000	-1000	-1000
57785199.9999995	1000	-1000	-1000	1000	-1000	-1000
57899399.9999995	1000	-1000	-1000	1000	-1000	-1000
58013599.9999995	1000	-1000	-1000	1000	-1000	-1000
58127799.9999995	1000	-1000	-1000	1000	-1000	-1000
58241999.9999995	1000	-1000	-1000	-1000	-1000	1000
58356199.9999995	1000	-1000	-1000	-1000	-1000	1000
58470399.9999995	1000	-1000	-1000	-1000	-1000	1000
58584599.9999995	1000	-1000	-1000	-1000	-1000	1000
58698799.9999995	1000	-1000	-1000	-1000	-1000	1000
58812999.9999995	1000	-1000	-1000	-1000	-1000	1000
58927199.9999995	1000	-1000	-1000	-1000	-1000	1000
59041399.9999995	1000	-1000	-1000	-1000	-1000	1000
59155599.9999995	-1000	-1000	1000	-1000	-1000	1000
59269799.9999995	-1000	-1000	1000	-1000	-1000	1000
59383999.9999995	-1000	-1000	1000	-1000	-1000	1000
59498199.9999995	-1000	-1000	1000	-1000	-1000	1000
59612399.9999995	-1000	-1000	1000	-1000	-1000	1000
59726599.9999995	-1000	-1000	1000	-1000	-1000	1000
59840799.9999995	-1000	-1000	1000	-1000	-1000	1000
59954999.9999995	-1000	1000	1000	-1000	-1000	-1000
60069199.9999995	-1000	1000	1000	-1000	-1000	-1000
60183399.9999995	-1000	1000	1000	-1000	-1000	-1000
60297599.9999995	-1000	1000	1000	-1000	-1000	-1000
60411799.9999995	-1000	1000	1000	-1000	-1000	-1000
60525999.9999995	-1000	1000	1000	-1000	-1000	-1000
60640199.9999995	-1000	1000	1000	-1000	-1000	-1000
60754399.9999995	-1000	1000	1000	-1000	-1000	-1000
60868599.9999995	-1000	1000	-1000	-1000	1000	-1000
60982799.9999995	-1000	1000	-1000	-1000	1000	-1000
61096999.9999995	-1000	1000	-1000	-1000	1000	-1000
61211199.9999995	-1000	1000	-1000	-1000	1000	-1000
61325399.9999995	-1000	1000	-1000	-1000	1000	-1000
61439599.9999995	-1000	1000	-1000	-1000	1000	-1000
61553799.9999995	-1000	1000	-1000	-1000	1000	-1000
61667999.9999995	-1000	-1000	-1000	1000	1000	-1000
61782199.9999995	-1000	-1000	-1000	1000	1000	-1000
61896399.9999995	-1000	-1000	-1000	1000	1000	-1000
62010599.9999995	-1000	-1000	-1000	1000	1000	-1000
62124799.9999995	-1000	-1000	-1000	1000	1000	-1000
62238999.9999996	-1000	-1000	-1000	1000	1000	-1000
62353199.9999996	-1000	-1000	-1000	1000	1000	-1000
62467399.9999996	1000	-1000	-1000	1000	-1000	-1000
62581599.9999996	1000	-1000	-1000	1000	-1000	-1000
62695799.9999996	1000	-1000	-1000	1000	-1000	-1000
62809999.9999995	1000	-1000	-1000	1000	-1000	-1000
62924199.9999995	1000	-1000	-1000	1000	-1000	-1000
63038399.9999995	1000	-1000	-1000	1000	-1000	-1000
63152599.9999995	1000	-1000	-1000	1000	-1000	-1000
63266799.9999995	1000	-1000	-1000	1000	-1000	-1000
63380999.9999995	1000	-1000	-1000	-1000	-1000	1000
63495199.9999995	1000	-1000	-1000	-1000	-1000	1000
63609399.9999995	1000	-1000	-1000	-1000	-1000	1000
63723599.9999995	1000	-1000	-1000	-1000	-1000	1000
63837799.9999995	1000	-1000	-1000	-1000	-1000	1000
63951999.9999995	1000	-1000	-1000	-1000	-1000	1000
64066199.9999995	1000	-1000	-1000	-1000	-1000	1000
64180399.9999995	-1000	-1000	1000	-1000	-1000	1000
64294599.9999995	-1000	-1000	1000	-1000	-1000	1000
64408799.9999995	-1000	-1000	1000	-1000	-1000	1000
64522999.9999995	-1000	-1000	1000	-1000	-1000	1000
64637199.9999995	-1000	-1000	1000	-1000	-1000	1000
64751399.9999995	-1000	-1000	1000	-1000	-1000	1000
64865599.9999995	-1000	-1000	1000	-1000	-1000	1000
64979799.9999994	-1000	-1000	1000	-1000	-1000	1000
65093999.9999994	-1000	1000	1000	-1000	-1000	-1000
65208199.9999994	-1000	1000	1000	-1000	-1000	-1000
65322399.9999994	-1000	1000	1000	-1000	-1000	-1000
65436599.9999994	-1000	1000	1000	-1000	-1000	-1000
65550799.9999994	-1000	1000	1000	-1000	-1000	-1000
65664999.9999994	-1000	1000	1000	-1000	-1000	-1000
65779199.9999994	-1000	1000	1000	-1000	-1000	-1000
65893399.9999994	-1000	1000	-1000	-1000	1000	-1000
66007599.9999994	-1000	1000	-1000	-1000	1000	-1000
66121799.9999994	-1000	1000	-1000	-1000	1000	-1000
66235999.9999994	-1000	1000	-1000	-1000	1000	-1000
66350199.9999994	-1000	1000	-1000	-1000	1000	-1000
66464399.9999994	-1000	1000	-1000	-1000	1000	-1000
66578599.9999994	-1000	1000	-1000	-1000	1000	-1000
66692799.9999994	-1000	-1000	-1000	1000	1000	-1000
66806999.9999994	-1000	-1000	-1000	1000	1000	-1000
66921199.9999994	-1000	-1000	-1000	1000	1000	-1000
67035399.9999994	-1000	-1000	-1000	1000	1000	-1000
67149599.9999994	-1000	-1000	-1000	1000	1000	-1000
67263799.9999993	-1000	-1000	-1000	1000	1000	-1000
67377999.9999993	-1000	-1000	-1000	1000	1000	-1000
67492199.9999993	-1000	-1000	-1000	1000	1000	-1000
67606399.9999993	1000	-1000	-1000	1000	-1000	-1000
67720599.9999993	1000	-1000	-1000	1000	-1000	-1000
67834799.9999993	1000	-1000	-1000	1000	-1000	-1000
67948999.9999993	1000	-1000	-1000	1000	-1000	-1000
68063199.9999993	1000	-1000	-1000	1000	-1000	-1000
68177399.9999993	1000	-1000	-1000	1000	-1000	-1000
68291599.9999993	1000	-1000	-1000	1000	-1000	-1000
68405799.9999993	1000	-1000	-1000	-1000	-1000	1000
68519999.9999993	1000	-1000	-1000	-1000	-1000	1000
68634199.9999993	1000	-1000	-1000	-1000	-1000	1000
68748399.9999993	1000	-1000	-1000	-1000	-1000	1000
68862599.9999993	1000	-1000	-1000	-1000	-1000	1000
68976799.9999993	1000	-1000	-1000	-1000	-1000	1000
69090999.9999993	1000	-1000	-1000	-1000	-1000	1000
69205199.9999993	1000	-1000	-1000	-1000	-1000	1000
69319399.9999993	-1000	-1000	1000	-1000	-1000	1000
69433599.9999992	-1000	-1000	1000	-1000	-1000	1000
69547799.9999992	-1000	-1000	1000	-1000	-1000	1000
69661999.9999992	-1000	-1000	1000	-1000	-1000	1000
69776199.9999992	-1000	-1000	1000	-1000	-1000	1000
69890399.9999992	-1000	-1000	1000	-1000	-1000	1000
70004599.9999992	-1000	-1000	1000	-1000	-1000	1000
70118799.9999992	-1000	1000	1000	-1000	-1000	-1000
70232999.9999992	-1000	1000	1000	-1000	-1000	-1000
70347199.9999992	-1000	1000	1000	-1000	-1000	-1000
70461399.9999992	-1000	1000	1000	-1000	-1000	-1000
70575599.9999992	-1000	1000	1000	-1000	-1000	-1000
70689799.9999992	-1000	1000	1000	-1000	-1000	-1000
70803999.9999992	-1000	1000	1000	-1000	-1000	-1000
70918199.9999992	-1000	1000	1000	-1000	-1000	-1000
71032399.9999992	-1000	1000	-1000	-1000	1000	-1000
71146599.9999992	-1000	1000	-1000	-1000	1000	-1000
71260799.9999992	-1000	1000	-1000	-1000	1000	-1000
71374999.9999992	-1000	1000	-1000	-1000	1000	-1000
71489199.9999992	-1000	1000	-1000	-1000	1000	-1000
71603399.9999992	-1000	1000	-1000	-1000	1000	-1000
71717599.9999991	-1000	1000	-1000	-1000	1000	-1000
71831799.9999991	-1000	-1000	-1000	1000	1000	-1000
71945999.9999991	-1000	-1000	-1000	1000	1000	-1000
72060199.9999991	-1000	-1000	-1000	1000	1000	-1000
72174399.9999991	-1000	-1000	-1000	1000	1000	-1000
72288599.9999991	-1000	-1000	-1000	1000	1000	-1000
72402799.9999991	-1000	-1000	-1000	1000	1000	-1000
72516999.9999991	-1000	-1000	-1000	1000	1000	-1000
72631199.9999991	1000	-1000	-1000	1000	-1000	-1000
72745399.9999991	1000	-1000	-1000	1000	-1000	-1000
72859599.9999991	1000	-1000	-1000	1000	-1000	-1000
72973799.9999991	1000	-1000	-1000	1000	-1000	-1000
73087999.9999991	1000	-1000	-1000	1000	-1000	-1000
73202199.9999991	1000	-1000	-1000	1000	-1000	-1000
73316399.9999991	1000	-1000	-1000	1000	-1000	-1000
73430599.9999991	1000	-1000	-1000	1000	-1000	-1000
73544799.9999991	1000	-1000	-1000	-1000	-1000	1000
73658999.9999991	1000	-1000	-1000	-1000	-1000	1000
73773199.9999991	1000	-1000	-1000	-1000	-1000	1000
73887399.999999	1000	-1000	-1000	-1000	-1000	1000
74001599.999999	1000	-1000	-1000	-1000	-1000	1000
74115799.999999	1000	-1000	-1000	-1000	-1000	1000
74229999.999999	1000	-1000	-1000	-1000	-1000	1000
74344199.999999	-1000	-1000	1000	-1000	-1000	1000
74458399.999999	-1000	-1000	1000	-1000	-1000	1000
74572599.999999	-1000	-1000	1000	-1000	-1000	1000
74686799.999999	-1000	-1000	1000	-1000	-1000	1000
74800999.999999	-1000	-1000	1000	-1000	-1000	1000
74915199.999999	-1000	-1000	1000	-1000	-1000	1000
75029399.999999	-1000	-1000	1000	-1000	-1000	1000
75143599.999999	-1000	-1000	1000	-1000	-1000	1000
75257799.999999	-1000	1000	1000	-1000	-1000	-1000
75371999.999999	-1000	1000	1000	-1000	-1000	-1000
75486199.999999	-1000	1000	1000	-1000	-1000	-1000
75600399.999999	-1000	1000	1000	-1000	-1000	-1000
75714599.999999	-1000	1000	1000	-1000	-1000	-1000
75828799.999999	-1000	1000	1000	-1000	-1000	-1000
75942999.999999	-1000	1000	1000	-1000	-1000	-1000
76057199.999999	-1000	1000	-1000	-1000	1000	-1000
76171399.9999989	-1000	1000	-1000	-1000	1000	-1000
76285599.9999989	-1000	1000	-1000	-1000	1000	-1000
76399799.9999989	-1000	1000	-1000	-1000	1000	-1000
76513999.9999989	-1000	1000	-1000	-1000	1000	-1000
76628199.9999989	-1000	1000	-1000	-1000	1000	-1000
76742399.9999989	-1000	1000	-1000	-1000	1000	-1000
76856599.9999989	-1000	-1000	-1000	1000	1000	-1000
76970799.9999989	-1000	-1000	-1000	1000	1000	-1000
77084999.9999989	-1000	-1000	-1000	1000	1000	-1000
77199199.9999989	-1000	-1000	-1000	1000	1000	-1000
77313399.9999989	-1000	-1000	-1000	1000	1000	-1000
77427599.9999989	-1000	-1000	-1000	1000	1000	-1000
77541799.9999989	-1000	-1000	-1000	1000	1000	-1000
77655999.9999989	-1000	-1000	-1000	1000	1000	-1000
77770199.9999989	1000	-1000	-1000	1000	-1000	-1000
77884399.9999989	1000	-1000	-1000	1000	-1000	-1000
77998599.9999989	1000	-1000	-1000	1000	-1000	-1000
78112799.9999989	1000	-1000	-1000	1000	-1000	-1000
78226999.9999989	1000	-1000	-1000	1000	-1000	-1000
78341199.9999988	1000	-1000	-1000	1000	-1000	-1000
78455399.9999988	1000	-1000	-1000	1000	-1000	-1000
78569599.9999988	1000	-1000	-1000	-1000	-1000	1000
78683799.9999988	1000	-1000	-1000	-1000	-1000	1000
78797999.9999988	1000	-1000	-1000	-1000	-1000	1000
78912199.9999988	1000	-1000	-1000	-1000	-1000	1000
79026399.9999988	1000	-1000	-1000	-1000	-1000	1000
79140599.9999988	1000	-1000	-1000	-1000	-1000	1000
79254799.9999988	1000	-1000	-1000	-1000	-1000	1000
79368999.9999988	1000	-1000	-1000	-1000	-1000	1000
79483199.9999988	-1000	-1000	1000	-1000	-1000	1000
79597399.9999988	-1000	-1000	1000	-1000	-1000	1000
79711599.9999988	-1000	-1000	1000	-1000	-1000	1000
79825799.9999988	-1000	-1000	1000	-1000	-1000	1000
79939999.9999988	-1000	-1000	1000	-1000	-1000	1000
80054199.9999988	-1000	-1000	1000	-1000	-1000	1000
80168399.9999988	-1000	-1000	1000	-1000	-1000	1000
80282599.9999988	-1000	1000	1000	-1000	-1000	-1000
80396799.9999988	-1000	1000	1000	-1000	-1000	-1000
80510999.9999988	-1000	1000	1000	-1000	-1000	-1000
80625199.9999987	-1000	1000	1000	-1000	-1000	-1000
80739399.9999987	-1000	1000	1000	-1000	-1000	-1000
80853599.9999987	-1000	1000	1000	-1000	-1000	-1000
80967799.9999987	-1000	1000	1000	-1000	-1000	-1000
81081999.9999987	-1000	1000	1000	-1000	-1000	-1000
81196199.9999987	-1000	1000	-1000	-1000	1000	-1000
81310399.9999987	-1000	1000	-1000	-1000	1000	-1000
81424599.9999987	-1000	1000	-1000	-1000	1000	-1000
81538799.9999987	-1000	1000	-1000	-1000	1000	-1000
81652999.9999987	-1000	1000	-1000	-1000	1000	-1000
81767199.9999987	-1000	1000	-1000	-1000	1000	-1000
81881399.9999987	-1000	1000	-1000	-1000	1000	-1000
81995599.9999987	-1000	-1000	-1000	1000	1000	-1000
82109799.9999987	-1000	-1000	-1000	1000	1000	-1000
82223999.9999987	-1000	-1000	-1000	1000	1000	-1000
82338199.9999987	-1000	-1000	-1000	1000	1000	-1000
82452399.9999987	-1000	-1000	-1000	1000	1000	-1000
82566599.9999987	-1000	-1000	-1000	1000	1000	-1000
82680799.9999987	-1000	-1000	-1000	1000	1000	-1000
82794999.9999986	1000	-1000	-1000	1000	-1000	-1000
82909199.9999986	1000	-1000	-1000	1000	-1000	-1000
83023399.9999986	1000	-1000	-1000	1000	-1000	-1000
83137599.9999986	1000	-1000	-1000	1000	-1000	-1000
83251799.9999986	1000	-1000	-1000	1000	-1000	-1000
83365999.9999986	1000	-1000	-1000	1000	-1000	-1000
83480199.9999986	1000	-1000	-1000	1000	-1000	-1000
83594399.9999986	1000	-1000	-1000	1000	-1000	-1000
83708599.9999986	1000	-1000	-1000	-1000	-1000	1000
83822799.9999986	1000	-1000	-1000	-1000	-1000	1000
83936999.9999986	1000	-1000	-1000	-1000	-1000	1000
84051199.9999986	1000	-1000	-1000	-1000	-1000	1000
84165399.9999986	1000	-1000	-1000	-1000	-1000	1000
84279599.9999986	1000	-1000	-1000	-1000	-1000	1000
84393799.9999986	1000	-1000	-1000	-1000	-1000	1000
84507999.9999986	-1000	-1000	1000	-1000	-1000	1000
84622199.9999986	-1000	-1000	1000	-1000	-1000	1000
84736399.9999986	-1000	-1000	1000	-1000	-1000	1000
84850599.9999986	-1000	-1000	1000	-1000	-1000	1000
84964799.9999985	-1000	-1000	1000	-1000	-1000	1000
85078999.9999985	-1000	-1000	1000	-1000	-1000	1000
85193199.9999985	-1000	-1000	1000	-1000	-1000	1000
85307399.9999985	-1000	-1000	1000	-1000	-1000	1000
85421599.9999985	-1000	1000	1000	-1000	-1000	-1000
85535799.9999985	-1000	1000	1000	-1000	-1000	-1000
85649999.9999985	-1000	1000	1000	-1000	-1000	-1000
85764199.9999985	-1000	1000	1000	-1000	-1000	-1000
85878399.9999985	-1000	1000	1000	-1000	-1000	-1000
85992599.9999985	-1000	1000	1000	-1000	-1000	-1000
86106799.9999985	-1000	1000	1000	-1000	-1000	-1000
86220999.9999985	-1000	1000	-1000	-1000	1000	-1000
86335199.9999985	-1000	1000	-1000	-1000	1000	-1000
86449399.9999985	-1000	1000	-1000	-1000	1000	-1000
86563599.9999985	-1000	1000	-1000	-1000	1000	-1000
86677799.9999985	-1000	1000	-1000	-1000	1000	-1000
86791999.9999985	-1000	1000	-1000	-1000	1000	-1000
86906199.9999985	-1000	1000	-1000	-1000	1000	-1000
87020399.9999985	-1000	-1000	-1000	1000	1000	-1000
87134599.9999985	-1000	-1000	-1000	1000	1000	-1000
87248799.9999984	-1000	-1000	-1000	1000	1000	-1000
87362999.9999984	-1000	-1000	-1000	1000	1000	-1000
87477199.9999984	-1000	-1000	-1000	1000	1000	-1000
87591399.9999984	-1000	-1000	-1000	1000	1000	-1000
87705599.9999984	-1000	-1000	-1000	1000	1000	-1000
87819799.9999984	-1000	-1000	-1000	1000	1000	-1000
87933999.9999984	1000	-1000	-1000	1000	-1000	-1000
88048199.9999984	1000	-1000	-1000	1000	-1000	-1000
88162399.9999984	1000	-1000	-1000	1000	-1000	-1000
88276599.9999984	1000	-1000	-1000	1000	-1000	-1000
88390799.9999984	1000	-1000	-1000	1000	-1000	-1000
88504999.9999984	1000	-1000	-1000	1000	-1000	-1000
88619199.9999984	1000	-1000	-1000	1000	-1000	-1000
88733399.9999984	1000	-1000	-1000	-1000	-1000	1000
88847599.9999984	1000	-1000	-1000	-1000	-1000	1000
88961799.9999984	1000	-1000	-1000	-1000	-1000	1000
89075999.9999984	1000	-1000	-1000	-1000	-1000	1000
89190199.9999984	1000	-1000	-1000	-1000	-1000	1000
89304399.9999984	1000	-1000	-1000	-1000	-1000	1000
89418599.9999983	1000	-1000	-1000	-1000	-1000	1000
89532799.9999983	1000	-1000	-1000	-1000	-1000	1000
89646999.9999983	-1000	-1000	1000	-1000	-1000	1000
89761199.9999983	-1000	-1000	1000	-1000	-1000	1000
89875399.9999983	-1000	-1000	1000	-1000	-1000	1000
89989599.9999983	-1000	-1000	1000	-1000	-1000	1000
90103799.9999983	-1000	-1000	1000	-1000	-1000	1000
90217999.9999983	-1000	-1000	1000	-1000	-1000	1000
90332199.9999983	-1000	-1000	1000	-1000	-1000	1000
90446399.9999983	-1000	1000	1000	-1000	-1000	-1000
90560599.9999983	-1000	1000	1000	-1000	-1000	-1000
90674799.9999983	-1000	1000	1000	-1000	-1000	-1000
90788999.9999983	-1000	1000	1000	-1000	-1000	-1000
90903199.9999983	-1000	1000	1000	-1000	-1000	-1000
91017399.9999983	-1000	1000	1000	-1000	-1000	-1000
91131599.9999983	-1000	1000	1000	-1000	-1000	-1000
91245799.9999983	-1000	1000	1000	-1000	-1000	-1000
91359999.9999983	-1000	1000	-1000	-1000	1000	-1000
91474199.9999983	-1000	1000	-1000	-1000	1000	-1000
91588399.9999983	-1000	1000	-1000	-1000	1000	-1000
91702599.9999982	-1000	1000	-1000	-1000	1000	-1000
91816799.9999982	-1000	1000	-1000	-1000	1000	-1000
91930999.9999982	-1000	1000	-1000	-1000	1000	-1000
92045199.9999982	-1000	1000	-1000	-1000	1000	-1000
92159399.9999982	-1000	-1000	-1000	1000	1000	-1000
92273599.9999982	-1000	-1000	-1000	1000	1000	-1000
92387799.9999982	-1000	-1000	-1000	1000	1000	-1000
92501999.9999982	-1000	-1000	-1000	1000	1000	-1000
92616199.9999982	-1000	-1000	-1000	1000	1000	-1000
92730399.9999982	-1000	-1000	-1000	1000	1000	-1000
92844599.9999982	-1000	-1000	-1000	1000	1000	-1000
92958799.9999982	1000	-1000	-1000	1000	-1000	-1000
93072999.9999982	1000	-1000	-1000	1000	-1000	-1000
93187199.9999982	1000	-1000	-1000	1000	-1000	-1000
93301399.9999982	1000	-1000	-1000	1000	-1000	-1000
93415599.9999982	1000	-1000	-1000	1000	-1000	-1000
93529799.9999982	1000	-1000	-1000	1000	-1000	-1000
93643999.9999982	1000	-1000	-1000	1000	-1000	-1000
93758199.9999982	1000	-1000	-1000	1000	-1000	-1000
93872399.9999981	1000	-1000	-1000	-1000	-1000	1000
93986599.9999981	1000	-1000	-1000	-1000	-1000	1000
94100799.9999981	1000	-1000	-1000	-1000	-1000	1000
94214999.9999981	1000	-1000	-1000	-1000	-1000	1000
94329199.9999981	1000	-1000	-1000	-1000	-1000	1000
94443399.9999981	1000	-1000	-1000	-1000	-1000	1000
94557599.9999981	1000	-1000	-1000	-1000	-1000	1000
94671799.9999981	-1000	-1000	1000	-1000	-1000	1000
94785999.9999981	-1000	-1000	1000	-1000	-1000	1000
94900199.9999981	-1000	-1000	1000	-1000	-1000	1000
95014399.9999981	-1000	-1000	1000	-1000	-1000	1000
95128599.9999981	-1000	-1000	1000	-1000	-1000	1000
95242799.9999981	-1000	-1000	1000	-1000	-1000	1000
95356999.9999981	-1000	-1000	1000	-1000	-1000	1000
95471199.9999981	-1000	-1000	1000	-1000	-1000	1000
95585399.9999981	-1000	1000	1000	-1000	-1000	-1000
95699599.9999981	-1000	1000	1000	-1000	-1000	-1000
95813799.9999981	-1000	1000	1000	-1000	-1000	-1000
95927999.9999981	-1000	1000	1000	-1000	-1000	-1000
96042199.9999981	-1000	1000	1000	-1000	-1000	-1000
96156399.999998	-1000	1000	1000	-1000	-1000	-1000
96270599.999998	-1000	1000	1000	-1000	-1000	-1000
96384799.999998	-1000	1000	-1000	-1000	1000	-1000
96498999.999998	-1000	1000	-1000	-1000	1000	-1000
96613199.999998	-1000	1000	-1000	-1000	1000	-1000
96727399.999998	-1000	1000	-1000	-1000	1000	-1000
96841599.999998	-1000	1000	-1000	-1000	1000	-1000
96955799.999998	-1000	1000	-1000	-1000	1000	-1000
97069999.999998	-1000	1000	-1000	-1000	1000	-1000
97184199.999998	-1000	-1000	-1000	1000	1000	-1000
97298399.999998	-1000	-1000	-1000	1000	1000	-1000
97412599.999998	-1000	-1000	-1000	1000	1000	-1000
97526799.999998	-1000	-1000	-1000	1000	1000	-1000
97640999.999998	-1000	-1000	-1000	1000	1000	-1000
97755199.999998	-1000	-1000	-1000	1000	1000	-1000
97869399.999998	-1000	-1000	-1000	1000	1000	-1000
97983599.999998	-1000	-1000	-1000	1000	1000	-1000
98097799.999998	1000	-1000	-1000	1000	-1000	-1000
98211999.999998	1000	-1000	-1000	1000	-1000	-1000
98326199.9999979	1000	-1000	-1000	1000	-1000	-1000
98440399.9999979	1000	-1000	-1000	1000	-1000	-1000
98554599.9999979	1000	-1000	-1000	1000	-1000	-1000
98668799.9999979	1000	-1000	-1000	1000	-1000	-1000
98782999.9999979	1000	-1000	-1000	1000	-1000	-1000
98897199.9999979	1000	-1000	-1000	-1000	-1000	1000
99011399.9999979	1000	-1000	-1000	-1000	-1000	1000
99125599.9999979	1000	-1000	-1000	-1000	-1000	1000
99239799.9999979	1000	-1000	-1000	-1000	-1000	1000
99353999.9999979	1000	-1000	-1000	-1000	-1000	1000
99468199.9999979	1000	-1000	-1000	-1000	-1000	1000
99582399.9999979	1000	-1000	-1000	-1000	-1000	1000
99696599.9999979	1000	-1000	-1000	-1000	-1000	1000
99810799.9999979	-1000	-1000	1000	-1000	-1000	1000
99924999.9999979	-1000	-1000	1000	-1000	-1000	1000
100039199.999998	-1000	-1000	1000	-1000	-1000	1000
100153399.999998	-1000	-1000	1000	-1000	-1000	1000
100267599.999998	-1000	-1000	1000	-1000	-1000	1000
100381799.999998	-1000	-1000	1000	-1000	-1000	1000
100495999.999998	-1000	-1000	1000	-1000	-1000	1000
100610199.999998	-1000	1000	1000	-1000	-1000	-1000
100724399.999998	-1000	1000	1000	-1000	-1000	-1000
100838599.999998	-1000	1000	1000	-1000	-1000	-1000
100952799.999998	-1000	1000	1000	-1000	-1000	-1000
101066999.999998	-1000	1000	1000	-1000	-1000	-1000
101181199.999998	-1000	1000	1000	-1000	-1000	-1000
101295399.999998	-1000	1000	1000	-1000	-1000	-1000
101409599.999998	-1000	1000	-1000	-1000	1000	-1000
101523799.999998	-1000	1000	-1000	-1000	1000	-1000
101637999.999998	-1000	1000	-1000	-1000	1000	-1000
101752199.999998	-1000	1000	-1000	-1000	1000	-1000
101866399.999998	-1000	1000	-1000	-1000	1000	-1000
101980599.999998	-1000	1000	-1000	-1000	1000	-1000
102094799.999998	-1000	1000	-1000	-1000	1000	-1000
102208999.999998	-1000	1000	-1000	-1000	1000	-1000
102323199.999998	-1000	-1000	-1000	1000	1000	-1000
102437399.999998	-1000	-1000	-1000	1000	1000	-1000
102551599.999998	-1000	-1000	-1000	1000	1000	-1000
102665799.999998	-1000	-1000	-1000	1000	1000	-1000
102779999.999998	-1000	-1000	-1000	1000	1000	-1000
102894199.999998	-1000	-1000	-1000	1000	1000	-1000
103008399.999998	-1000	-1000	-1000	1000	1000	-1000
103122599.999998	1000	-1000	-1000	1000	-1000	-1000
103236799.999998	1000	-1000	-1000	1000	-1000	-1000
103350999.999998	1000	-1000	-1000	1000	-1000	-1000
103465199.999998	1000	-1000	-1000	1000	-1000	-1000
103579399.999998	1000	-1000	-1000	1000	-1000	-1000
103693599.999998	1000	-1000	-1000	1000	-1000	-1000
103807799.999998	1000	-1000	-1000	1000	-1000	-1000
103921999.999998	1000	-1000	-1000	1000	-1000	-1000
104036199.999998	1000	-1000	-1000	-1000	-1000	1000
104150399.999998	1000	-1000	-1000	-1000	-1000	1000
104264599.999998	1000	-1000	-1000	-1000	-1000	1000
104378799.999998	1000	-1000	-1000	-1000	-1000	1000
104492999.999998	1000	-1000	-1000	-1000	-1000	1000
104607199.999998	1000	-1000	-1000	-1000	-1000	1000
104721399.999998	1000	-1000	-1000	-1000	-1000	1000
104835599.999998	-1000	-1000	1000	-1000	-1000	1000
104949799.999998	-1000	-1000	1000	-1000	-1000	1000
105063999.999998	-1000	-1000	1000	-1000	-1000	1000
105178199.999998	-1000	-1000	1000	-1000	-1000	1000
105292399.999998	-1000	-1000	1000	-1000	-1000	1000
105406599.999998	-1000	-1000	1000	-1000	-1000	1000
105520799.999998	-1000	-1000	1000	-1000	-1000	1000
105634999.999998	-1000	-1000	1000	-1000	-1000	1000
105749199.999998	-1000	1000	1000	-1000	-1000	-1000
105863399.999998	-1000	1000	1000	-1000	-1000	-1000
105977599.999998	-1000	1000	1000	-1000	-1000	-1000
106091799.999998	-1000	1000	1000	-1000	-1000	-1000
106205999.999998	-1000	1000	1000	-1000	-1000	-1000
106320199.999998	-1000	1000	1000	-1000	-1000	-1000
106434399.999998	-1000	1000	1000	-1000	-1000	-1000
106548599.999998	-1000	1000	-1000	-1000	1000	-1000
106662799.999998	-1000	1000	-1000	-1000	1000	-1000
106776999.999998	-1000	1000	-1000	-1000	1000	-1000
106891199.999998	-1000	1000	-1000	-1000	1000	-1000
107005399.999998	-1000	1000	-1000	-1000	1000	-1000
107119599.999998	-1000	1000	-1000	-1000	1000	-1000
107233799.999998	-1000	1000	-1000	-1000	1000	-1000
107347999.999998	-1000	-1000	-1000	1000	1000	-1000
107462199.999998	-1000	-1000	-1000	1000	1000	-1000
107576399.999998	-1000	-1000	-1000	1000	1000	-1000
107690599.999998	-1000	-1000	-1000	1000	1000	-1000
107804799.999998	-1000	-1000	-1000	1000	1000	-1000
107918999.999998	-1000	-1000	-1000	1000	1000	-1000
108033199.999998	-1000	-1000	-1000	1000	1000	-1000
108147399.999998	-1000	-1000	-1000	1000	1000	-1000
108261599.999998	1000	-1000	-1000	1000	-1000	-1000
108375799.999997	1000	-1000	-1000	1000	-1000	-1000
108489999.999997	1000	-1000	-1000	1000	-1000	-1000
108604199.999997	1000	-1000	-1000	1000	-1000	-1000
108718399.999997	1000	-1000	-1000	1000	-1000	-1000
108832599.999997	1000	-1000	-1000	1000	-1000	-1000
108946799.999997	1000	-1000	-1000	1000	-1000	-1000
109060999.999997	1000	-1000	-1000	-1000	-1000	1000
109175199.999997	1000	-1000	-1000	-1000	-1000	1000
109289399.999997	1000	-1000	-1000	-1000	-1000	1000
109403599.999997	1000	-1000	-1000	-1000	-1000	1000
109517799.999997	1000	-1000	-1000	-1000	-1000	1000
109631999.999997	1000	-1000	-1000	-1000	-1000	1000
109746199.999997	1000	-1000	-1000	-1000	-1000	1000
109860399.999997	1000	-1000	-1000	-1000	-1000	1000
109974599.999997	-1000	-1000	1000	-1000	-1000	1000
110088799.999997	-1000	-1000	1000	-1000	-1000	1000
110202999.999997	-1000	-1000	1000	-1000	-1000	1000
110317199.999997	-1000	-1000	1000	-1000	-1000	1000
110431399.999997	-1000	-1000	1000	-1000	-1000	1000
110545599.999997	-1000	-1000	1000	-1000	-1000	1000
110659799.999997	-1000	-1000	1000	-1000	-1000	1000
110773999.999997	-1000	1000	1000	-1000	-1000	-1000
110888199.999997	-1000	1000	1000	-1000	-1000	-1000
111002399.999997	-1000	1000	1000	-1000	-1000	-1000
111116599.999997	-1000	1000	1000	-1000	-1000	-1000
111230799.999997	-1000	1000	1000	-1000	-1000	-1000
111344999.999997	-1000	1000	1000	-1000	-1000	-1000
111459199.999997	-1000	1000	1000	-1000	-1000	-1000
111573399.999997	-1000	1000	-1000	-1000	1000	-1000
111687599.999997	-1000	1000	-1000	-1000	1000	-1000
111801799.999997	-1000	1000	-1000	-1000	1000	-1000
111915999.999997	-1000	1000	-1000	-1000	1000	-1000
112030199.999997	-1000	1000	-1000	-1000	1000	-1000
112144399.999997	-1000	1000	-1000	-1000	1000	-1000
112258599.999997	-1000	1000	-1000	-1000	1000	-1000
112372799.999997	-1000	1000	-1000	-1000	1000	-1000
112486999.999997	-1000	-1000	-1000	1000	1000	-1000
112601199.999997	-1000	-1000	-1000	1000	1000	-1000
112715399.999997	-1000	-1000	-1000	1000	1000	-1000
112829599.999997	-1000	-1000	-1000	1000	1000	-1000
112943799.999997	-1000	-1000	-1000	1000	1000	-1000
113057999.999997	-1000	-1000	-1000	1000	1000	-1000
113172199.999997	-1000	-1000	-1000	1000	1000	-1000
113286399.999997	1000	-1000	-1000	1000	-1000	-1000
113400599.999997	1000	-1000	-1000	1000	-1000	-1000
113514799.999997	1000	-1000	-1000	1000	-1000	-1000
113628999.999997	1000	-1000	-1000	1000	-1000	-1000
113743199.999997	1000	-1000	-1000	1000	-1000	-1000
113857399.999997	1000	-1000	-1000	1000	-1000	-1000
113971599.999997	1000	-1000	-1000	1000	-1000	-1000
114085799.999997	1000	-1000	-1000	1000	-1000	-1000
114200000	1000	-1000	-1000	-1000	-1000	1000
