"Time [ms]"	"FL_a [Wb]"	"FL_c [Wb]"	"FL_b [Wb]"
0	-0.19045276379327	0.229707144045303	-0.0257498718611888
0.1142	-0.190452762347103	0.229707151453055	-0.0257498714130028
0.2284	-0.160408362487381	0.229606553437755	-0.0509388821516179
0.3426	-0.131352734129801	0.22942143675716	-0.0756131083835267
0.4568	-0.103316362756649	0.229226810395041	-0.0998449857810375
0.571	-0.0763204982810992	0.229064357412841	-0.123675939641603
0.6852	-0.0502098647253122	0.228955681142394	-0.146972987233893
0.7994	-0.0250440094157501	0.228912436197985	-0.169807375399541
0.9136	-0.00056395639051951	0.22893695387972	-0.191949739841021
1.0278	0.0234592007303857	0.229023046776306	-0.213193630235445
1.142	0.0472488525234506	0.229168765707902	-0.233329295887963
1.2562	0.0708600211686674	0.229397931978667	-0.252312239307282
1.3704	0.0943954132216821	0.229735386736231	-0.270046825043561
1.4846	0.118904619898358	0.230111386759346	-0.28542093260974
1.5988	0.143964028680796	0.230478057070966	-0.298814865524328
1.713	0.169572223760895	0.231022026616042	-0.310174285569872
1.8272	0.195784108771427	0.231683940943558	-0.319349791127464
1.9414	0.221908231264019	0.232399968122741	-0.326907480421081
2.0556	0.247352283260479	0.233039501512528	-0.333194354133918
2.1698	0.27023370838135	0.233688590949052	-0.339590760713498
2.284	0.28900498118117	0.233709178611804	-0.346913940718967
2.3982	0.304253225034864	0.233546852775485	-0.354263009582827
2.5124	0.316914629669085	0.233771197217197	-0.36085508297944
2.6266	0.326939020816863	0.234615285611055	-0.366908797297394
2.7408	0.334574415430644	0.235965736626351	-0.372393999642425
2.855	0.34059596336187	0.237206600671737	-0.377051527355659
2.9692	0.345497744480452	0.238018136911556	-0.38092304052736
3.0834	0.349438770527549	0.238660289789532	-0.384176225116406
3.1976	0.352784533801343	0.238582507812648	-0.386881216769326
3.3118	0.355675741699331	0.237840603213647	-0.389191234152505
3.426	0.358246590855137	0.236253749986042	-0.391209404269518
3.5402	0.360629578462092	0.233514832167235	-0.39300819782524
3.6544	0.362752646122087	0.230176547512114	-0.394684901643008
3.7686	0.364826099941867	0.225616870254652	-0.396183447441153
3.8828	0.366878711447328	0.21987116738889	-0.397558506012922
3.997	0.368952238297498	0.212885533534749	-0.398832225397871
4.1112	0.37099593821606	0.205027986015593	-0.400040355020248
4.2254	0.373114149118749	0.195884339639229	-0.401129351370307
4.3396	0.375278589491389	0.185699472955132	-0.402126599338798
4.4538	0.37749016164204	0.174467604912006	-0.403024246076956
4.568	0.35883885844039	0.120145060526219	-0.382849430949169
4.6822	0.345343726954507	0.0675275825929623	-0.368005689485419
4.7964	0.335859515773735	0.0170509133056258	-0.356504481115431
4.9106	0.329916848722676	-0.0306146683110478	-0.346282330156016
5.0248	0.328894533773707	-0.0734074184760475	-0.333879081455623
5.139	0.33181339362514	-0.111869793454319	-0.319009172390374
5.2532	0.336739068681012	-0.147637721230241	-0.302794187694755
5.3674	0.341668735145402	-0.182533723938808	-0.286860211069692
5.4816	0.346660759136408	-0.216309901400637	-0.270833751712835
5.5958	0.351672254175689	-0.248768699803503	-0.254482526086959
5.71	0.357175108428104	-0.27878554714472	-0.236922087053371
5.8242	0.363507313403692	-0.305015611965568	-0.217269821387348
5.9384	0.370635780867283	-0.326371919187219	-0.195016256847333
6.0526	0.377352279952357	-0.343831589761928	-0.171312421400343
6.1668	0.365067294389365	-0.331728926132148	-0.115875315958521
6.281	0.355448673750586	-0.322952073695753	-0.0624855376064524
6.3952	0.34604933085183	-0.318106301817793	-0.01252654296252
6.5094	0.334145623861538	-0.31824085747189	0.0324814166891026
6.6236	0.318947702558781	-0.323073304506192	0.072518418414741
6.7378	0.301557277822178	-0.330714447638415	0.109215083340668
6.852	0.28441893888035	-0.338301436396581	0.145267390462501
6.9662	0.267984766515417	-0.344960431824272	0.181296288794459
7.0804	0.251986584979727	-0.350647787685114	0.21710089949482
7.1946	0.235795108035939	-0.355752222455296	0.252043486337762
7.3088	0.177964811161276	-0.349263441488985	0.245109377217769
7.423	0.123502151627446	-0.34267841336397	0.241211262127709
7.5372	0.0755526550623714	-0.331833397229779	0.243677421134412
7.6514	0.0341265200225682	-0.316122926808898	0.252450095591255
7.7656	-0.00340685801617649	-0.297745281503624	0.264866709456695
7.8798	-0.0385456825548919	-0.277921753716561	0.279401673794308
7.994	-0.0720828226412893	-0.257221268955473	0.295176287268822
8.1082	-0.105472741724583	-0.236922943580968	0.310613177191373
8.2224	-0.139401144461422	-0.217587597560247	0.324869346488299
8.3366	-0.174694472457118	-0.199969408827423	0.336860973285446
8.4508	-0.177442360736862	-0.150253026155198	0.326633734863203
8.565	-0.185245081410566	-0.105707101261685	0.313013200807292
8.6792	-0.197129218717995	-0.0654123211606719	0.296584031073519
8.79340000000001	-0.212240769889214	-0.0285317606974484	0.27787624796366
8.90760000000001	-0.227794129001645	0.00772446249556737	0.252902922409592
9.02180000000001	-0.25205024233981	0.0350158546052906	0.243452752893367
9.13600000000001	-0.274803946362116	0.0634981292652638	0.230325342818007
9.25020000000001	-0.295480381283102	0.0936746908558173	0.213690478601979
9.36440000000001	-0.313292448053848	0.126205299303463	0.194193579175232
9.47860000000001	-0.327434526291653	0.161701518949101	0.172791764388942
9.59280000000001	-0.314322597531304	0.169193242082554	0.127140354391628
9.70700000000001	-0.298420949573241	0.180832238694954	0.0857544879424406
9.82120000000001	-0.280106744153064	0.195909136518172	0.0479390555106141
9.93540000000001	-0.253810170827548	0.211124903945621	0.0103953359707096
10.0496	-0.244279725028237	0.236421633254287	-0.0168753438544448
10.1638	-0.230832423002663	0.260335408726181	-0.0452842436725243
10.278	-0.213460111751123	0.282224376427883	-0.0754062033332765
10.3922	-0.193160939692559	0.301717844490811	-0.107508896659891
10.5064	-0.170771686626613	0.317872156405102	-0.142375934352746
10.6206	-0.12688216470684	0.303471067917968	-0.152341298703548
10.7348	-0.0863580242971363	0.287049142814453	-0.165580600400917
10.849	-0.0494640012761198	0.268006788650832	-0.182348070371146
10.9632	-0.0176685740198147	0.251963527832955	-0.20409681841479
11.0774	0.00991841870917898	0.24102342949523	-0.229903175736098
11.1916	0.0387483724859001	0.22607205583689	-0.254252271282445
11.3058	0.0693659026937111	0.207165682588417	-0.27652825636465
11.42	0.102114621179284	0.185407317182684	-0.296275480675568
11.5342	0.113332493940682	0.142041050652671	-0.282008451268341
11.6484	0.127493176747864	0.101699511446691	-0.265993945672418
11.7626	0.150262862321901	0.0700603096086255	-0.258353784476389
11.8768	0.178069752231945	0.0435589849438804	-0.255491680960082
11.991	0.205104192633573	0.0163887256184629	-0.24716701263642
12.1052	0.230981922426129	-0.0117909250395303	-0.234074891435575
12.2194	0.255086710228833	-0.0415327548970401	-0.216442105722257
12.3336	0.276987336106389	-0.0731784262868706	-0.195469265845264
12.4478	0.296027229200419	-0.107250400079984	-0.172105792590216
12.562	0.281048312653751	-0.11969455643689	-0.129618301043661
12.6762	0.25819106980795	-0.132630628638113	-0.0876828067686065
12.7904	0.257200501411317	-0.160547025337333	-0.0608086746695004
12.9046	0.250715371389729	-0.188155569529968	-0.0337055385390083
13.0188	0.238923103734386	-0.214830607913414	-0.00577401390546441
13.133	0.222352942857651	-0.24000252003602	0.0234984486456863
13.2472	0.201972783996641	-0.263186509512657	0.0545166026722826
13.3614	0.178782240812479	-0.283740057241841	0.0878039702726136
13.4756	0.136465584293788	-0.268923156810362	0.100786500115825
13.5898	0.100141487029841	-0.257147924998354	0.119710470133162
13.704	0.0731011918397898	-0.257835583075822	0.147855293941081
13.8182	0.0459557697820372	-0.252589884884956	0.175829367741028
13.9324	0.0180478020634543	-0.241662215333761	0.202961097672224
14.0466	-0.0109883452444034	-0.2257148050429	0.228832206178075
14.1608	-0.0416592654535521	-0.205738246657401	0.2528605032972
14.275	-0.074518713121719	-0.182617097034501	0.27438213657844
14.3892	-0.0880621890279648	-0.140576425108415	0.259522327979466
14.5034	-0.111361741104286	-0.108343632590682	0.256547667662565
14.6176	-0.139641287311234	-0.081139155950469	0.258011350160004
14.7318	-0.167723380239143	-0.0537886621410767	0.253464741362682
14.846	-0.195112988645037	-0.0258105802238982	0.242961606126694
14.9602	-0.221375377864805	0.00317997031695295	0.227329967150348
15.0744	-0.245910950049377	0.0337088736743081	0.207347303884461
15.1886	-0.268025912465004	0.0663616009326728	0.184204371405096
15.3028	-0.253071971692759	0.0803707682738114	0.14242262840154
15.417	-0.256184330046631	0.10666761769186	0.112976175304786
15.5312	-0.258073587745291	0.135057862405558	0.0856622863846315
15.6454	-0.253684026510275	0.163188370030579	0.0581275148363571
15.7596	-0.2432106412432	0.190688311055324	0.0300177263569723
15.8738	-0.227424452959621	0.217109409632461	0.000932119322890283
15.988	-0.207311956041369	0.241883163378092	-0.0296220762089983
16.1022	-0.183984374843551	0.26430862329826	-0.0622347141408374
16.2164	-0.14246023825461	0.249197976667428	-0.0766532411713706
16.3306	-0.121058901629542	0.26895995049697	-0.111143138825172
16.4448	-0.0875152258945605	0.258221361949138	-0.133469455597837
16.559	-0.0596961547818565	0.253383471658877	-0.161489518929721
16.6732	-0.0314130970899963	0.242521306206305	-0.188997397088744
16.7874	-0.00218043248321717	0.226285422099286	-0.215457509143547
16.9016	0.02848441876691	0.20588953658047	-0.240309540596817
17.0158	0.0613111315803525	0.182186436418974	-0.262708706529772
17.13	0.0760745332089905	0.140900437521967	-0.247421803480616
17.2442	0.111223740915474	0.120044179423799	-0.268363175541086
17.3584	0.134076079550857	0.0869038281285293	-0.25803053200145
17.4726	0.162074716089562	0.0589320153416015	-0.252552645456719
17.5868	0.189531113978159	0.030464015423037	-0.240951828872351
17.701	0.215950815793826	0.00105688802821058	-0.224218759693561
17.8152	0.240687735305338	-0.0298535033040335	-0.203185843938479
17.9294	0.26287433451014	-0.0630107621835289	-0.179044339897673
18.0436	0.247401462310536	-0.0780610628264848	-0.137972210247805
18.1578	0.268174229996608	-0.113458278600413	-0.117279011937664
18.272	0.257680812370538	-0.136634293160157	-0.0843700729390675
18.3862	0.251150752632	-0.164588903608865	-0.056256926047775
18.5004	0.238748939371717	-0.19194048464756	-0.0275849066250145
18.6146	0.221050049933494	-0.218200976371727	0.00207592349661332
18.7288	0.199297338201426	-0.242676181824326	0.0333308397736233
18.843	0.174601693241455	-0.26445916745176	0.0669565329972444
18.9572	0.133811371167179	-0.248698310407844	0.0823343318352153
19.0714	0.113346807846935	-0.269188561687876	0.118017105680143
19.1856	0.0800910743671073	-0.256980670813921	0.140911275894418
19.2998	0.0518459400931819	-0.24920868388517	0.168800949753141
19.414	0.0229423683663062	-0.235573279717264	0.195986349351143
19.5282	-0.00704582695855448	-0.216794841355618	0.22197536552662
19.6424	-0.038758461151336	-0.194266828222807	0.246030828965063
19.7566	-0.0729483436931457	-0.168970503428574	0.26726158073965
19.8707999999999	-0.088606090876773	-0.128442915244924	0.251198928512673
19.9849999999999	-0.124766092971533	-0.108421104892811	0.271111157518522
20.0991999999999	-0.146792064011833	-0.0742594439789264	0.255775536010426
20.2133999999999	-0.174534109929187	-0.0458261845270883	0.246518913077563
20.3275999999999	-0.201478578893918	-0.0166466900977193	0.231461381634674
20.4417999999999	-0.227109205477353	0.0137198692929747	0.211654588106935
20.5559999999999	-0.250581142448588	0.046011266512583	0.188117100394559
20.6701999999999	-0.246805333175694	0.0663963043553766	0.152178784051588
20.7843999999999	-0.255668155108817	0.0951935160062401	0.124664950603205
20.8985999999999	-0.257993515668703	0.123713765813916	0.0968665192002463
21.0127999999999	-0.25379140828107	0.15188724620392	0.068714289748994
21.1269999999999	-0.242958721695677	0.179594258651813	0.0401124530029467
21.2411999999999	-0.226445903315101	0.206310875371176	0.0105870262287862
21.3553999999999	-0.205386575022739	0.231531713920087	-0.0202853124468498
21.4695999999999	-0.180928163588448	0.254338341439307	-0.0532998573782894
21.5837999999999	-0.145232108780249	0.250021027949491	-0.0739711570199533
21.6979999999999	-0.117517476654937	0.257093748966455	-0.102625922147831
21.8121999999999	-0.089614990465777	0.257573097077958	-0.131104972528791
21.9263999999999	-0.0612753710823864	0.251195048717555	-0.159154241547122
22.0405999999999	-0.0323425341894575	0.238406676249378	-0.186585597826931
22.1547999999999	-0.0024572878439476	0.220436342226845	-0.212980938592887
22.2689999999999	0.0290114961616516	0.198140350995124	-0.237614181121067
22.3831999999999	0.0627846240020596	0.17293220343774	-0.259631213316826
22.4973999999999	0.0829880273505347	0.13676259708635	-0.253033806097696
22.6115999999999	0.111502764864081	0.10889025595355	-0.257869635932705
22.7257999999999	0.139845429367042	0.0808275804094537	-0.25627626929261
22.8399999999999	0.167770796161814	0.052342859623853	-0.24774636353714
22.9541999999999	0.194914735496635	0.0231133059876053	-0.233170828052591
23.0683999999999	0.220808604367736	-0.00725970456675553	-0.213464083427209
23.1825999999999	0.244662885421648	-0.039457256273161	-0.189939813872338
23.2967999999999	0.245934886210294	-0.0622680695909715	-0.156281988910913
23.4109999999999	0.255330582407699	-0.0911884848985633	-0.128734260113939
23.5251999999999	0.258122973674298	-0.119755347224482	-0.100812963802244
23.6393999999999	0.254051050265779	-0.147959408903997	-0.0725096887770725
23.7535999999999	0.243255256079165	-0.175705500571946	-0.0437531904772835
23.8677999999999	0.226720754072152	-0.202497681066764	-0.0140970532971957
23.9819999999999	0.205532245566757	-0.227863829920776	0.0168456676769359
24.0961999999999	0.180920818899277	-0.250887613259038	0.049868651715031
24.2103999999999	0.146931311326217	-0.250075796238356	0.0723697869710403
24.3245999999999	0.119150436604073	-0.257088877758781	0.101092549441667
24.4387999999999	0.0910961782838613	-0.257484886189238	0.129567144008654
24.5529999999999	0.0625968833453884	-0.250823919823988	0.157614574287142
24.6671999999999	0.0335194169194185	-0.237836104855722	0.185065754570197
24.7813999999999	0.00343130974753503	-0.219297651512558	0.211427335316113
24.8955999999999	-0.0282503659599735	-0.196627978002789	0.236017393531805
25.0097999999999	-0.062198340339572	-0.171073737514025	0.258027472008473
25.1239999999999	-0.0837453216406012	-0.136152810726177	0.253672836896466
25.2381999999999	-0.112271384220289	-0.108185083673976	0.258076632925597
25.3523999999999	-0.140596313384075	-0.0799872201783801	0.255739523502098
25.4665999999999	-0.168473343179808	-0.051330129980155	0.246488152886278
25.5807999999999	-0.195537814030263	-0.0218926260403524	0.231223901767617
25.6949999999999	-0.221334099476171	0.00870459210672844	0.210925162547019
25.8091999999999	-0.244975243893061	0.0412324024500803	0.186860701861479
25.9233999999999	-0.247495867334143	0.0649096542897767	0.153995160630605
26.0375999999999	-0.256021791968017	0.0937879295715	0.126317021583642
26.1517999999999	-0.257997747355681	0.122336815216304	0.0982783339082134
26.2659999999999	-0.252831347770588	0.150475475462543	0.0698018633652642
26.3801999999999	-0.241059976653494	0.17811668673503	0.0408306344520678
26.4943999999999	-0.2234738468746	0.20474139244305	0.0109017688617391
26.6085999999999	-0.201461194878575	0.229815137965739	-0.0204267707838027
26.7227999999998	-0.176292299960378	0.252497198636361	-0.0538685016195175
26.8369999999998	-0.142766763236397	0.251935121664453	-0.0768883810930784
26.9511999999998	-0.114843586335885	0.257751119234175	-0.105538485262736
27.0653999999998	-0.0866473440745456	0.256707462653865	-0.133950217949119
27.1795999999998	-0.0579748567532765	0.248582412386055	-0.161907339295094
27.2937999999998	-0.0286355714822068	0.234352520848646	-0.189177895786912
27.4079999999998	0.00177303391000262	0.214732705493097	-0.215290310887591
27.5221999999998	0.03396232367187	0.191135108827242	-0.239422177972595
27.6363999999998	0.0685773113257142	0.164902053445019	-0.260785967881988
27.7505999999998	0.09016393897056	0.129994651072458	-0.255255083484315
27.8647999999998	0.11864030617026	0.101938911417695	-0.258178074498579
27.9789999999998	0.146851510973701	0.0735810227616525	-0.254104243068801
28.0931999999998	0.174596540460273	0.0447445654106885	-0.243242288567429
28.2073999999998	0.201363610670491	0.0149711267502257	-0.226373571392588
28.3215999999998	0.226664665646661	-0.0161382164660192	-0.204790591711934
28.4357999999998	0.249699957796202	-0.0492628498938956	-0.17991728463595
28.5499999999998	0.250587778585635	-0.0726719526785902	-0.146763670569415
28.6641999999998	0.257358934932901	-0.10141204994725	-0.118909992812968
28.7783999999998	0.257236196332422	-0.129874119135741	-0.0907367804914605
28.8925999999998	0.249888631108501	-0.157864483705491	-0.0620614358552726
29.0067999999998	0.236349966210021	-0.185272424441398	-0.0328116473223263
29.1209999999998	0.21721293405999	-0.211552907987199	-0.00250859117778764
29.2351999999998	0.193939824529845	-0.235977769587749	0.0294692703589417
29.3493999999998	0.167845756861526	-0.257746972561082	0.0637829158693045
29.4635999999998	0.133805783037642	-0.254572219451352	0.0862901627746717
29.5777999999998	0.105735068058372	-0.258164288607356	0.114809259164344
29.6919999999998	0.0773736648664648	-0.254790539166924	0.143080510280929
29.8061999999998	0.0485212118800819	-0.2444877971594	0.17088050013757
29.9203999999998	0.0187923267460908	-0.228104429909277	0.197773353661027
30.0345999999998	-0.0121857425607827	-0.20688312460775	0.223301631141617
30.1487999999998	-0.0451772652953855	-0.182069011330941	0.246577785859216
30.2629999999998	-0.0695113570692824	-0.149788523957161	0.24969400089351
30.3771999999998	-0.0983354084564955	-0.121965124336915	0.25702057869279
30.4913999999998	-0.126834679981818	-0.093770976736153	0.25749495933736
30.6055999999998	-0.154887479970361	-0.0650937087681795	0.250737097777477
30.7197999999998	-0.18233812535315	-0.0358159343770716	0.237467565666614
30.8339999999998	-0.208703678992268	-0.00551971592147234	0.21853939829119
30.9481999999998	-0.233289648395106	0.0263826673598001	0.195399655937094
31.0623999999998	-0.25534340177616	0.0605121647871932	0.169422126989329
31.1765999999998	-0.254204583664003	0.0838694899435842	0.136181969619697
31.2907999999998	-0.258151982864963	0.112416417298686	0.10808577379295
31.4049999999998	-0.25513300320934	0.140717087376013	0.0796961683410658
31.5191999999998	-0.244956779629801	0.168511824087849	0.0507766038516138
31.6333999999998	-0.22894184097776	0.195505319693212	0.021081059550856
31.7475999999998	-0.20786305006729	0.22115354662507	-0.00985136478638706
31.8617999999998	-0.183101494537632	0.244579322099929	-0.0427753767835253
31.9759999999998	-0.151478616269176	0.249271237246664	-0.0678074080883772
32.0901999999998	-0.123628945034722	0.256851400798269	-0.0966494153018079
32.2043999999998	-0.0953970880633625	0.257567699861832	-0.125158113575179
32.3185999999998	-0.0666944574934984	0.251030223316014	-0.153235640463038
32.4327999999998	-0.0374098866706304	0.237904747447207	-0.1807343771237
32.5469999999998	-0.00710382254666666	0.219090954740208	-0.207148683973864
32.6611999999998	0.0247638192352207	0.195977313818206	-0.231833580277669
32.7753999999998	0.058877979167643	0.169963457464298	-0.253969533778167
32.8895999999998	0.0827986429591706	0.137252203689624	-0.254016888666962
33.0037999999998	0.111368450065089	0.109140888387769	-0.258091285676275
33.1179999999998	0.139688581145846	0.0807300935663152	-0.255236838656523
33.2321999999998	0.167523117250195	0.0518046906005671	-0.24526452260364
33.3463999999998	0.194488732067449	0.0220356161813696	-0.2291330778681
33.4605999999998	0.220148941948855	-0.00893220079739088	-0.208008748447319
33.5747999999998	0.243597925069058	-0.0418811255805604	-0.183176166668609
33.6889999999998	0.249208038260199	-0.0673389244970781	-0.151955723014033
33.8031999999998	0.256932816575395	-0.0962093664840669	-0.124108033930011
33.9173999999998	0.257580533264247	-0.124718745365282	-0.095848072160271
34.0315999999998	0.251018021317982	-0.152783824130716	-0.0671012252150018
34.1457999999998	0.237712173357167	-0.180242798414657	-0.0377450545508706
34.26	0.218957204881278	-0.206686890637034	-0.00743399368347071
34.3742000000002	0.19579819233953	-0.231389770257962	0.0244517433931405
34.4884000000002	0.169720943562977	-0.253536183399666	0.0585917133076707
34.6026000000002	0.13727343134286	-0.25410472890617	0.0827973369138416
34.7168000000002	0.109127951769207	-0.258102572482729	0.111358007531007
34.8310000000002	0.0806897713666178	-0.255110482452813	0.139677160498703
34.9452000000002	0.0517287913586326	-0.245036083236347	0.167504391945103
35.0594000000002	0.0219236492558131	-0.228777842800896	0.194463273190048
35.1736000000002	-0.00908513542936732	-0.207576121479683	0.220111819577221
35.2878000000002	-0.0420567716888631	-0.182674276139122	0.243568274272147
35.4020000000002	-0.0677128244921931	-0.151632036824199	0.249448774478486
35.5162000000002	-0.0965776662409766	-0.123756096775279	0.25701733694186
35.6304000000002	-0.125070032525813	-0.0954534108958721	0.257386966793945
35.7446000000002	-0.1531434802951	-0.0666876561182594	0.250750891744349
35.8588000000002	-0.1806217677351	-0.0373207629656063	0.237352230215421
35.9730000000002	-0.206987165995627	-0.00690519200779416	0.218311544563144
36.0872000000002	-0.231616423654781	0.0250762976861259	0.194978662351724
36.2014000000002	-0.253651579942495	0.0593434774849309	0.168724187114561
36.3156000000002	-0.254350265647264	0.0836871529437981	0.136405393312047
36.4298000000002	-0.258187291810187	0.112249429521301	0.108249808366708
36.5440000000002	-0.254871299550177	0.140563020770935	0.0797918331479418
36.6582000000002	-0.244532158203932	0.168363566155027	0.0507893614769405
36.7724000000002	-0.227949311362781	0.19526232463532	0.0209099212399212
36.8866000000002	-0.206570025300789	0.220839091310007	-0.0101810727620225
37.0008000000002	-0.181526462934324	0.24420197345683	-0.0432527730948869
37.1150000000002	-0.150503653597299	0.249943334714407	-0.0689363784075421
37.2292000000002	-0.122596340907107	0.257215575401073	-0.0977811508347062
37.3434000000002	-0.0942711733801	0.25733051077347	-0.126265701364338
37.4576000000002	-0.0654469314535114	0.250247506966926	-0.154295688595015
37.5718000000002	-0.0360055633040428	0.236496828867136	-0.181712251052502
37.6860000000002	-0.00552480218108508	0.217141608037011	-0.208022803619334
37.8002000000002	0.0265578062619449	0.193644995270558	-0.23255785582754
37.9144000000002	0.0609404010154447	0.167270907649029	-0.254480508016378
38.0286000000002	0.085257020551663	0.134918531860787	-0.254768006772859
38.1428000000002	0.113791701001034	0.10672587251952	-0.25817184301911
38.2570000000002	0.142055707118836	0.0782070723132959	-0.254241097667384
38.3712000000002	0.169831887750831	0.0491690199814677	-0.243690362211064
38.4854000000002	0.196681608092804	0.0192312844196996	-0.226784772918415
38.5996000000002	0.222144080114535	-0.0119776763253269	-0.205107690265176
38.7138000000002	0.245340171797564	-0.0452120776378266	-0.179837804460178
38.8280000000002	0.25061839468239	-0.0708040318237915	-0.148719102986294
38.9422000000002	0.257408736347082	-0.099618002835785	-0.120772784782413
39.0564000000002	0.257074211763956	-0.128080443510346	-0.0924151392238116
39.1706000000002	0.24944428341091	-0.15608415433467	-0.0635533907109766
39.2848000000003	0.235329060267308	-0.183451182325348	-0.0340548874143754
39.3990000000003	0.215634311169666	-0.209679184124295	-0.00348659471196428
39.5132000000003	0.191791921795172	-0.234025109245098	0.0287810967311321
39.6274000000003	0.165220116029438	-0.255693466123978	0.0634017118860347
39.7416000000003	0.132680173871788	-0.255170019508105	0.0875282724224609
39.8558000000003	0.104486801333633	-0.25815283782419	0.116061705732007
39.9700000000003	0.0759426606304224	-0.25385349933886	0.144301758158716
40.0842000000003	0.0468452601204929	-0.242589050607706	0.172018609606906
40.1984000000003	0.0168066889040164	-0.225198719967693	0.198763893153616
40.3126000000003	-0.0145666661912144	-0.203080640846755	0.2240509339274
40.4268000000003	-0.0480035919152741	-0.177617742415331	0.247023083419816
40.5410000000003	-0.0733745821829653	-0.146282408901024	0.251491426517428
40.6552000000003	-0.102144671666445	-0.118292318498157	0.257668661183112
40.7694000000003	-0.130589239685392	-0.0899148993652585	0.256721592032763
40.8836000000003	-0.158545595100019	-0.061001948707233	0.248463339873489
40.9978000000003	-0.18579946849623	-0.0313945224572501	0.233763724761302
41.1120000000003	-0.211882338059566	-0.000689553669000382	0.213610962437805
41.2262000000003	-0.236020580967885	0.0317678141887892	0.189409929791012
41.3404000000003	-0.246346520553947	0.0590415620132844	0.159917472186641
41.4546000000003	-0.25575949052898	0.0880843611224159	0.132151846785633
41.5688000000003	-0.258038665637163	0.116660303575567	0.103858053129169
41.6830000000003	-0.253051712675107	0.144870790051043	0.0751387401826129
41.7972000000003	-0.241022422417811	0.172676747638084	0.0456853181184829
41.9114000000003	-0.223221705965696	0.199519145064131	0.0153488704360431
42.0256000000003	-0.200760080722353	0.224683363893043	-0.0162305396773628
42.1398000000003	-0.175006580007316	0.247498224797499	-0.0498923565178339
42.2540000000003	-0.144104802544015	0.252432938727053	-0.075734921625665
42.3682000000003	-0.116018928026803	0.257893166255318	-0.104450297019907
42.4824000000003	-0.0875654153152908	0.256215794665816	-0.132859803134952
42.5966000000003	-0.0585682262711791	0.247277790115639	-0.160768528601363
42.7108000000003	-0.0287185597836204	0.231902008981454	-0.188055186336071
42.8250000000003	0.00212401531653323	0.211357144119177	-0.214011554701233
42.9392000000003	0.0347857223625254	0.186826119110609	-0.237945059306346
43.0534000000003	0.0619420533032398	0.157208945031188	-0.247606495129471
43.1676000000003	0.0909283903985286	0.129376064078235	-0.256295771556639
43.2818000000003	0.119446049090145	0.101011853642594	-0.25764632613952
43.3960000000003	0.147598859105755	0.0722877409948171	-0.252128349491554
43.5102000000003	0.175360179807877	0.0427794728844477	-0.239566203752553
43.6244000000003	0.202070990999551	0.0123034393908325	-0.221128528407321
43.7386000000003	0.227022158545427	-0.0194750367287951	-0.1982122911832
43.8528000000003	0.249537323438044	-0.0534069994435008	-0.172175245812688
43.9670000000003	0.253315195040192	-0.078949745755498	-0.140982652829329
44.0812000000003	0.258050010403661	-0.107615638278654	-0.112854638944879
44.1954000000003	0.255571483668515	-0.135992002782621	-0.0843760087288031
44.3096000000003	0.245983593530388	-0.163853701695972	-0.0553413912840975
44.4238000000003	0.229997068864994	-0.190605968490257	-0.0257633571063675
44.5380000000003	0.20896833462541	-0.216385801517524	0.00525168458361112
44.6522000000003	0.184066050903736	-0.240066897530501	0.0381499687098483
44.7664000000003	0.154227003780968	-0.248738324991395	0.0650845030697903
44.8806000000003	0.12634198690947	-0.256818967068967	0.0940219754771838
44.9948000000003	0.0979794609455089	-0.25762031893656	0.122545518477201
45.1090000000003	0.0689939716262447	-0.251100897133488	0.150774907817918
45.2232000000003	0.0394110900263033	-0.237853709498302	0.178444858171574
45.3374000000003	0.00982250466372072	-0.218779496773112	0.203832451175297
45.4516000000003	-0.0221821116755841	-0.195500408622616	0.228583677215165
45.5658000000004	-0.0563686170664651	-0.169226860333605	0.250860361701537
45.6800000000004	-0.0819873247009634	-0.138098652460036	0.254206872664958
45.7942000000004	-0.11060610975725	-0.109909428959428	0.258171423686742
45.9084000000004	-0.138930031642657	-0.0813642675854933	0.254874098060332
46.0226000000004	-0.166727334200333	-0.0522626031272048	0.244536172961445
46.1368000000004	-0.192977062490809	-0.0228607574718852	0.2279033842968
46.2510000000004	-0.21856349646505	0.00834748856604234	0.20633980961299
46.3652000000004	-0.242025103365553	0.0414616357015684	0.181206371623375
46.4794000000004	-0.250093555903252	0.0682758259927639	0.151241449685203
46.5936000000004	-0.257262028316635	0.0971396409700191	0.123274590114776
46.7078000000004	-0.257255650328605	0.12561793007335	0.0948575330906436
46.8220000000004	-0.249845634787121	0.153789042731263	0.0657805605502307
46.9362000000004	-0.236018906759829	0.181377630672356	0.0361176419129655
47.0504000000004	-0.216463387091875	0.207626653588421	0.00559660098968458
47.1646000000004	-0.1927357209213	0.232096377792498	-0.0266189461814487
47.2788000000004	-0.166191918883978	0.253961676107636	-0.0611217668784439
47.3930000000004	-0.134287007321523	0.255046549029507	-0.0859240556548025
47.5072000000004	-0.106066945315266	0.258136872156592	-0.114474503331139
47.6214000000004	-0.0774873717895325	0.25405065687289	-0.142725726604912
47.7356000000004	-0.0483488284100884	0.242872339200652	-0.170451442591394
47.8498000000004	-0.0183098515442198	0.22569867534082	-0.197247902967339
47.9640000000004	0.0130318805013823	0.203691769017651	-0.222623195662578
48.0782000000004	0.0464285021462196	0.178204525224348	-0.245697236254329
48.1924000000004	0.0723124471191214	0.147350211396549	-0.251283761076102
48.3066000000004	0.101068852360227	0.119312473651218	-0.257491804034798
48.4208000000004	0.129539009008231	0.0909236878052931	-0.256765461459171
48.5350000000004	0.157505613910824	0.0619812090737089	-0.248639174786357
48.6492000000004	0.184953670175431	0.03222781658223	-0.233994356911007
48.7634000000004	0.211065472819922	0.0015194383268842	-0.213877611391526
48.8776000000004	0.235244636977271	-0.0309346351237404	-0.189671421659353
48.9918000000004	0.246210685202956	-0.0584944110858519	-0.160445065300563
49.1060000000004	0.255696242438406	-0.0875537378214639	-0.132673693218261
49.2202000000004	0.257977899259588	-0.116130744249149	-0.104355418374212
49.3344000000004	0.253094649043236	-0.144523510422523	-0.0754885905520954
49.4486000000004	0.241165013043518	-0.172359827843661	-0.0460419609308803
49.5628000000004	0.22325989755165	-0.199186927481048	-0.0156418781335896
49.6770000000004	0.200721211320997	-0.224348755410536	0.0159586187135217
49.7912000000004	0.174857590080225	-0.247121858819608	0.0496815590612337
49.9054000000004	0.144132278225878	-0.252439922208433	0.0757100873255314
50.0196000000004	0.116043888473156	-0.257939824812622	0.104434132879505
50.1338000000004	0.0875741610741886	-0.256158259572082	0.132842177508031
50.2480000000004	0.0587464223139836	-0.247191354304619	0.160532451226461
50.3622000000004	0.0288339510859955	-0.231719971893903	0.187861309081441
50.4764000000004	-0.00205263586747789	-0.211088424947512	0.213796015786686
50.5906000000004	-0.0347645082622471	-0.186485219332929	0.237705371922801
50.7048000000004	-0.0621184749125324	-0.15705129527328	0.247742990924178
50.8190000000004	-0.0911148500738074	-0.129210738733237	0.256391798228855
50.9332000000004	-0.119656379598842	-0.100848898718117	0.257841186132653
51.0474000000004	-0.14796880518237	-0.0718941580745502	0.251966881765608
51.1616000000004	-0.175704413705358	-0.0423491546293752	0.239251920732737
51.2758000000004	-0.20236958540034	-0.0118060475927472	0.220563252473246
51.3900000000004	-0.227306984951432	0.019994188763001	0.197657417802113
51.5042000000004	-0.249779838555912	0.0539764867011745	0.171562250498904
51.6184000000004	-0.2535510466193	0.0795840173894543	0.140428215980558
51.7326000000004	-0.258107277486202	0.108225449256772	0.112266358662383
51.8468000000004	-0.255379292424015	0.136574640986372	0.0837478695624668
51.9610000000005	-0.245613655725834	0.164405493387965	0.0546778860610748
52.0752000000005	-0.229435186960654	0.191565666339746	0.0246884142496308
52.1894000000005	-0.208227453452914	0.21728728546311	-0.00637304129247043
52.3036000000005	-0.183254540500707	0.240895559233453	-0.0393289805932041
52.4178000000005	-0.15326639926793	0.249251514259559	-0.0661116406291744
52.5320000000005	-0.125356242272408	0.25696089860579	-0.0950249138190471
52.6462000000005	-0.0969690712991548	0.257503188857015	-0.123527674930276
52.7604000000005	-0.0679364182141649	0.250513978678477	-0.151738046638559
52.8746000000005	-0.0383371668970509	0.237220234897819	-0.179397119597526
52.9888000000005	-0.0077738859493708	0.218006229132992	-0.20584636334288
53.1030000000005	0.0243031893664683	0.194514421254587	-0.230470271488923
53.2172000000005	0.0586309968278172	0.168085182912325	-0.252539877144151
53.3314000000005	0.0837002997502149	0.136434040655076	-0.254524640111453
53.4456000000005	0.11227650062984	0.108225154137348	-0.258161516591712
53.5598000000005	0.140577100855025	0.0796771520389963	-0.254563979261706
53.6740000000005	0.168343250161043	0.050558435787836	-0.243850638409478
53.7882000000005	0.195209655494309	0.0205727805966215	-0.226967549089197
53.9024000000005	0.220703558874249	-0.0106841620279563	-0.20519093573784
54.0166000000005	0.243952997231246	-0.0439483334337336	-0.179844713242513
54.1308000000005	0.250651123624087	-0.0702090169644949	-0.149348300358096
54.2450000000005	0.25729033653348	-0.0990208206321302	-0.121347238854737
54.3592000000005	0.257034177991933	-0.127513282641552	-0.092959364802616
54.4734000000005	0.249305994204124	-0.155642077759033	-0.0639177892663808
54.5876000000005	0.234995444369833	-0.183149411890235	-0.034186048699838
54.7018000000005	0.215109672564162	-0.209331877610514	-0.0035371908328894
54.8160000000005	0.191080421612504	-0.23364353914774	0.0288161390442779
54.9302000000005	0.164354301118628	-0.255262598075963	0.0635363474821859
55.0444000000005	0.1321990153671	-0.255505241436453	0.0880783062398766
55.1586000000005	0.103955749465786	-0.258083348934213	0.11659963837551
55.2728000000005	0.0753464767133761	-0.253526430628048	0.144818035165773
55.3870000000005	0.0461730652754722	-0.241902926728432	0.172505884257085
55.5012000000005	0.0160378550383478	-0.224227523584872	0.19919944779358
55.6154000000005	-0.015462863926391	-0.201847533799714	0.22440286564053
55.7296000000005	-0.049074122416302	-0.176085417542196	0.247239754062801
55.8438000000005	-0.0747418312953108	-0.145020066918693	0.252054879768979
55.9580000000005	-0.10349131149788	-0.116975316377103	0.257854001100937
56.0722000000005	-0.131913645174683	-0.0885360507617964	0.256386085067493
56.1864000000005	-0.159831699287378	-0.0595436001104215	0.24766471512749
56.3006000000005	-0.187176109901	-0.029679024281385	0.23238584654844
56.4148000000005	-0.213146167303008	0.0011643862320237	0.211901441909716
56.5290000000005	-0.237133052659064	0.0337964649722707	0.187363280132029
56.6432000000005	-0.247358177426944	0.0611754374192549	0.157954344580039
56.7574000000005	-0.256239766173448	0.090189935006741	0.130129935966464
56.8716000000005	-0.257887032060509	0.1187377598255	0.101769126101078
56.9858000000005	-0.25220802651756	0.147057950819278	0.0728111164618983
57.1	-0.239644538864166	0.174816419979046	0.0432750794939597
57.2141999999995	-0.221097010588535	0.201508908965356	0.0127358699408436
57.3283999999995	-0.198215649992316	0.226501151394794	-0.019030307623544
57.4425999999995	-0.172128557132662	0.249050496195304	-0.0529620869266126
57.5567999999995	-0.141206151399042	0.253385112472159	-0.0787955588682107
57.6709999999995	-0.113040941266298	0.258087151923938	-0.107450893820799
57.7851999999995	-0.0845157143384879	0.255449912038046	-0.135813221252224
57.8993999999995	-0.0552978631350639	0.245786450796757	-0.163819401462664
58.0135999999995	-0.0252780811018558	0.229660574939501	-0.191010556873866
58.1277999999995	0.00577695084429781	0.208496539222709	-0.216755139752472
58.2419999999995	0.0387317646593503	0.183517966798511	-0.240384778358171
58.3561999999995	0.0656907112015181	0.153694186640549	-0.24915528895348
58.4703999999995	0.0946080880559128	0.125773753028086	-0.256932730143033
58.5845999999995	0.123111060255351	0.097368732614304	-0.257514932535345
58.6987999999995	0.15132366753054	0.0683078701027049	-0.25061975141781
58.8129999999995	0.178998042602647	0.0386996734271488	-0.23726988433046
58.9271999999995	0.205544367894848	0.00804304889000536	-0.218025051697726
59.0413999999995	0.230171408323452	-0.0240492236147475	-0.194494705392506
59.1555999999995	0.252248934171655	-0.0583881641827076	-0.168033865920578
59.2697999999995	0.254521071874408	-0.083612851424033	-0.136525936089465
59.3839999999995	0.258142069188385	-0.112194583386164	-0.108308456074585
59.4981999999995	0.254512657245388	-0.140495746325648	-0.0797446305038486
59.6123999999995	0.243737163305099	-0.168256613561927	-0.0506095624123815
59.7265999999995	0.22679546112975	-0.194297488743858	-0.0212843688037557
59.8407999999995	0.204946350326535	-0.219773336833629	0.00999939231702188
59.9549999999995	0.179527771052938	-0.243051642086371	0.0432998105048994
60.0691999999995	0.149519275745749	-0.250757302849355	0.0700812724811124
60.1833999999995	0.121494699880279	-0.257337383858557	0.098905296132564
60.2975999999995	0.0930594776227689	-0.256970045260596	0.127390321155285
60.4117999999995	0.0639376796482305	-0.249121257195595	0.155552725580243
60.5259999999995	0.0341598528686166	-0.234704350106413	0.183056042906211
60.6401999999995	0.0033202868259923	-0.21470799217349	0.209383294471639
60.7543999999995	-0.0290783395344426	-0.190575453811563	0.233670775463185
60.8685999999995	-0.0638666336816316	-0.163789186733284	0.255238813021193
60.9827999999995	-0.0885312826033447	-0.131745339572555	0.255630931785382
61.0969999999995	-0.117058516450796	-0.10349506574048	0.25803650987269
61.2111999999995	-0.145269633261978	-0.0748644386916241	0.25333190715563
61.3253999999995	-0.172943623102129	-0.0456626878647644	0.241540240754564
61.4395999999995	-0.199597838289175	-0.0154777485090896	0.223729756167678
61.5537999999995	-0.224758229971347	0.016077019458378	0.201215468367545
61.6679999999995	-0.247510417051701	0.0497795333362746	0.175344967967322
61.7821999999995	-0.25230525457628	0.0754879953870388	0.144313864654156
61.8963999999995	-0.257908233255914	0.104218256919308	0.116241662228018
62.0105999999995	-0.2562196506128	0.132636949785567	0.087788430850229
62.1247999999995	-0.247288179857507	0.160334766649955	0.0589570588433308
62.2389999999996	-0.23181413694727	0.187658535672897	0.0290337716373261
62.3531999999996	-0.211139745531692	0.213589141605905	-0.00185944605676174
62.4673999999996	-0.186472496279132	0.2375007589387	-0.0345815417778989
62.5815999999996	-0.157138634489423	0.24777808950545	-0.0620462063005396
62.6957999999996	-0.129289366361451	0.25642096599476	-0.091049293101168
62.8099999999995	-0.100907392043488	0.257829185561873	-0.119593322348393
62.9241999999995	-0.0719231496696183	0.251874548384467	-0.147904902860834
63.0383999999995	-0.0423387181126971	0.239051775661558	-0.175630199877923
63.1525999999995	-0.0117427313582155	0.22024321432309	-0.202282688144394
63.2667999999995	0.0201155945458849	0.197209045124849	-0.22718827330666
63.3809999999995	0.054160809409532	0.171005284270408	-0.249625756488361
63.4951999999995	0.0799793250930736	0.140064067588628	-0.253730581942167
63.6093999999995	0.108621073043966	0.111879797078498	-0.258131430257196
63.7235999999995	0.136969701263812	0.0833329323022087	-0.255213367886902
63.8377999999995	0.164948507718206	0.0540670814157829	-0.245222670165589
63.9519999999995	0.192089281665942	0.0239879941354257	-0.228820835481341
64.0661999999995	0.21775382085541	-0.00714567812818137	-0.207403190250991
64.1803999999995	0.241278820903034	-0.0401996276740732	-0.182287817655295
64.2945999999995	0.249684916215894	-0.0670726596494608	-0.152376766903731
64.4087999999995	0.257127317587054	-0.0959683464111474	-0.124430607403012
64.5229999999995	0.257357164972503	-0.124462501475692	-0.096010603920869
64.6371999999995	0.250080259534431	-0.152647258816049	-0.0669146972131228
64.7513999999995	0.236412609557864	-0.180272434341801	-0.0372528211029524
64.8655999999995	0.216916946070727	-0.206756226563282	-0.00653143581133824
64.9797999999994	0.193178250128958	-0.231272275736277	0.0256664826739975
65.0939999999994	0.166579470299418	-0.253185083119188	0.0601576569635562
65.2081999999994	0.134950569042205	-0.254960245994319	0.085258373792902
65.3223999999994	0.106716161042389	-0.258147663324349	0.113822820523949
65.4365999999994	0.0781099095839159	-0.254091683548355	0.142081980236262
65.5507999999994	0.0489331478830658	-0.242884858840634	0.169796244692807
65.6649999999994	0.0195987531073884	-0.225665225813407	0.195730442976046
65.7791999999994	-0.0117950603033948	-0.203567227814817	0.221101105208399
65.8933999999994	-0.0452300391818877	-0.177981096164203	0.24423217108923
66.0075999999994	-0.071862246406732	-0.147824687709176	0.251369674338851
66.1217999999994	-0.100655509655482	-0.119768560588585	0.257539365690252
66.2359999999994	-0.129115638730953	-0.0913047776648729	0.256688131350029
66.3501999999994	-0.157242965740677	-0.0621447374412326	0.248407687174489
66.4643999999994	-0.18468656354576	-0.0323070616810393	0.23358302827451
66.5785999999994	-0.210921468528852	-0.00139029740054437	0.213309931272559
66.6927999999994	-0.235065487723079	0.0311404681554523	0.188949154905023
66.8069999999994	-0.246599272596697	0.0590186847287603	0.160014895883848
66.9211999999994	-0.255884826349569	0.0880692847010662	0.132202378285856
67.0353999999994	-0.257887848106513	0.116630684612734	0.103825996741772
67.1495999999994	-0.252746796206342	0.145017214303998	0.0749040214347013
67.2637999999993	-0.240540773084857	0.172827045776395	0.0453873330633373
67.3779999999993	-0.222353418644969	0.199621340018673	0.0149064258553224
67.4921999999993	-0.199579471753349	0.224696656783686	-0.0168097126072882
67.6063999999993	-0.173552986802903	0.24739228022029	-0.0506425994576686
67.7205999999993	-0.143021753435588	0.252894248687208	-0.0768882129057292
67.8347999999993	-0.114893416463493	0.258010305969017	-0.105601143432621
67.9489999999993	-0.0863747938897104	0.255813714965915	-0.133994588492861
68.0631999999993	-0.0571446900445047	0.246458873440194	-0.162034523354652
68.1773999999993	-0.0271475329827206	0.230615663807096	-0.1892904626855
68.2915999999993	0.00385010686316718	0.209654517800568	-0.215111164047091
68.4057999999993	0.0367129507155546	0.184760000765514	-0.23887060098125
68.5199999999993	0.0640181859074645	0.155267552163059	-0.248492464959296
68.6341999999993	0.0929859996653666	0.127382649902511	-0.256728260524146
68.7483999999993	0.121511512237248	0.0989819004300913	-0.257669608013155
68.8625999999993	0.149780342489107	0.0699563939569711	-0.251231155785732
68.9767999999993	0.17746086598672	0.040332409941898	-0.238008187959318
69.0909999999993	0.204053215066812	0.00968856446450501	-0.218914644601291
69.2051999999993	0.228785022681977	-0.0223257488317556	-0.195572191442617
69.3193999999993	0.251026190680164	-0.0565370954052039	-0.169213169330295
69.4335999999992	0.254228850422945	-0.0820811814454271	-0.138009128481997
69.5477999999992	0.258175004629972	-0.110701814830976	-0.109814456129123
69.6619999999992	0.254806233947679	-0.13902090338032	-0.0812503676128718
69.7761999999992	0.244343153286099	-0.166952592401542	-0.0519872990224619
69.8903999999992	0.227579140791863	-0.1939949764811	-0.0218566495548885
70.0045999999992	0.205841307872892	-0.219511581483702	0.0094021195722962
70.1187999999992	0.180581449886016	-0.24288582806957	0.0425764677591201
70.2329999999992	0.150393024145132	-0.250386730972078	0.0691619692305294
70.3471999999992	0.12241531848998	-0.257374046959131	0.0980168090428288
70.4613999999992	0.0939827918355199	-0.257134429736216	0.126488752383541
70.5755999999992	0.0648762310764073	-0.249450995131813	0.154651756518889
70.6897999999992	0.0351437179107289	-0.235324505039896	0.18219158805339
70.8039999999992	0.00436631272485217	-0.215496886523519	0.208564859531217
70.9181999999992	-0.0279601383743161	-0.191521030235393	0.232927798902152
71.0323999999992	-0.0626354186166011	-0.164779317563869	0.254621065469927
71.1465999999992	-0.0874222106756764	-0.132851371265436	0.255427913647757
71.2607999999992	-0.115948688416976	-0.104593092075671	0.25811585291074
71.3749999999992	-0.144170732373788	-0.075964613005241	0.25358239439982
71.4891999999992	-0.171831781034295	-0.0467428412299761	0.241884849184482
71.6033999999992	-0.198559096644856	-0.0166193553222276	0.224345455263636
71.7175999999991	-0.22380275402012	0.0148710578205506	0.201978708508288
71.8317999999991	-0.24670042038609	0.0484554847518568	0.176224725104413
71.9459999999991	-0.252046463710832	0.0743856802422648	0.145401789917025
72.0601999999991	-0.257793741070797	0.103119746478236	0.117319408450019
72.1743999999991	-0.256353388066308	0.131550801622263	0.0888625681367326
72.2885999999991	-0.247609869140846	0.159634143783205	0.0597032543388008
72.4027999999991	-0.232352277315121	0.186987054428299	0.0298156487241446
72.5169999999991	-0.211780410074707	0.212961147168045	-0.00103588219539235
72.6311999999991	-0.18719951580761	0.236933407133969	-0.0337036512883194
72.7453999999991	-0.157922176032093	0.24747401494856	-0.061227407762389
72.8595999999991	-0.130076447802417	0.256277742098238	-0.0902369808410453
72.9737999999991	-0.101679699705397	0.257668872253304	-0.118770244744889
73.0879999999991	-0.0727239577181633	0.25209971839944	-0.147115748756721
73.2021999999991	-0.0431603896576111	0.239435183112506	-0.174869353470483
73.3163999999991	-0.012613622649798	0.220878274070466	-0.201583960898763
73.4305999999991	0.0192312330388906	0.197803490710924	-0.226514324002618
73.5447999999991	0.0532440111496476	0.171610693841816	-0.249000317771494
73.6589999999991	0.0791975510905443	0.140796574726729	-0.253517633943845
73.7731999999991	0.107856845882948	0.112621848036157	-0.258082149632587
73.887399999999	0.136225186945517	0.0840856293465594	-0.255303470492044
74.001599999999	0.164227450631858	0.0548276356608179	-0.24549544388895
74.115799999999	0.191406286105932	0.0247674083563811	-0.229210760036823
74.229999999999	0.217101908990413	-0.0063467083190254	-0.207890058009562
74.344199999999	0.240660981904602	-0.0393827112551185	-0.182773505892476
74.458399999999	0.249324805971764	-0.0663735785956412	-0.152972564848508
74.572599999999	0.25703952037066	-0.095318685468451	-0.125068399975332
74.686799999999	0.257425266828493	-0.123823575048652	-0.0966493224396431
74.800999999999	0.250426584479913	-0.152053573952234	-0.0675880332218478
74.915199999999	0.236714369871709	-0.179670802590556	-0.0379066276474653
75.029399999999	0.217273275671063	-0.206167132103618	-0.00717969019009316
75.143599999999	0.193564450003969	-0.230717441767245	0.0249969955779127
75.257799999999	0.167000458302605	-0.252691338774696	0.059443385216946
75.371999999999	0.135503055295809	-0.254789576712395	0.0846830811900141
75.486199999999	0.107272734889571	-0.258165356129128	0.113259459070552
75.600399999999	0.0786745828484681	-0.254223055944897	0.141535876772574
75.714599999999	0.0496884661189117	-0.243189381135791	0.16906416467288
75.828799999999	0.0194442432463382	-0.225925551471827	0.19603015269856
75.942999999999	-0.0119475155907813	-0.203804975211055	0.22141196849086
76.057199999999	-0.0453462715289657	-0.178306622740412	0.244546139177399
76.1713999999989	-0.0717343433247771	-0.147922431298341	0.251250761531136
76.2855999999989	-0.100549425043025	-0.119903263285357	0.257627236253471
76.3997999999989	-0.129003862558225	-0.0914503640017463	0.256768774151805
76.5139999999989	-0.157133443459691	-0.0623070113918253	0.24852839749468
76.6281999999989	-0.184572113444741	-0.0324763975506368	0.233778305026975
76.7423999999989	-0.210549497588031	-0.00178103422847596	0.213516157523548
76.8565999999989	-0.234711867210787	0.0307379637516982	0.189173392481666
76.9707999999989	-0.246487660348642	0.0587042924196268	0.160324584426221
77.0849999999989	-0.255861195556795	0.0877624228866071	0.13251616626062
77.1991999999989	-0.258008087914816	0.116344731709953	0.104154564245348
77.3133999999989	-0.252814272847557	0.144715449119092	0.0752113475577358
77.4275999999989	-0.240564114703197	0.172506265236165	0.0456703914271963
77.5417999999989	-0.222464873225291	0.199324490637576	0.0152056832827679
77.6559999999989	-0.199737013059045	0.224416920273899	-0.0164957423935259
77.7701999999989	-0.173761541549764	0.247154511850216	-0.0502972771910991
77.8843999999989	-0.143302689432673	0.252868401817244	-0.0766219877109125
77.9985999999989	-0.115162458587815	0.258000862620027	-0.105330977138717
78.1127999999989	-0.086636255356857	0.255889467947228	-0.13372728241024
78.2269999999989	-0.0573931091556879	0.246491018367058	-0.16176494173045
78.3411999999988	-0.027377590545502	0.230587032424698	-0.189012433335266
78.4553999999988	0.00359680431165892	0.209708429401605	-0.214849514024305
78.5695999999988	0.0364459892788638	0.184853376334754	-0.238634587880905
78.6837999999988	0.0638530090754804	0.155456709229985	-0.248542530226085
78.7979999999988	0.0928147125649632	0.127558810668818	-0.256720700419882
78.9121999999988	0.121333594565535	0.0991418980175582	-0.257559855340782
79.0263999999988	0.149613913882093	0.070119251182906	-0.251237103771632
79.1405999999988	0.177295049386106	0.0404875255995325	-0.238024768325364
79.2547999999988	0.203903761067259	0.00984836849011987	-0.218994094677676
79.3689999999988	0.228649219073271	-0.0221615023344947	-0.195614305157396
79.4831999999988	0.25089156172255	-0.0563817044504178	-0.169232072028521
79.5973999999988	0.254238288274727	-0.0819971755139054	-0.138093553831711
79.7115999999988	0.258142579256424	-0.110608756658762	-0.10988329934085
79.8257999999988	0.254685460243616	-0.138906200831698	-0.0812910702089654
79.9399999999988	0.244323136115717	-0.166880155023546	-0.0520354475588855
80.0541999999988	0.227565221311321	-0.193944942686451	-0.0218975846268554
80.1683999999988	0.205889626433612	-0.219494561500984	0.0093362503578139
80.2825999999988	0.180528847218519	-0.24283379481249	0.0425513190433476
80.3967999999988	0.150376809057819	-0.250354112620385	0.0691770417273928
80.5109999999988	0.122392081029655	-0.257379386386871	0.0980294491018269
80.6251999999987	0.0939626023389827	-0.25711061398272	0.12650965058987
80.7393999999987	0.0648570032833658	-0.249470259268225	0.154680137445835
80.8535999999987	0.0351172903116082	-0.235267993958452	0.182219356762161
80.9677999999987	0.00431729071289432	-0.215413672304239	0.208597092396695
81.0819999999987	-0.0280307012610214	-0.191404957457351	0.232942458970524
81.1961999999987	-0.0627281632677443	-0.164637215819845	0.254616294634829
81.3103999999987	-0.0875032258537322	-0.132694909886057	0.255293595424119
81.4245999999987	-0.11606103535638	-0.104465493297569	0.258118436963399
81.5387999999987	-0.144289323131021	-0.0758406799719602	0.253553614586814
81.6529999999987	-0.171985344961367	-0.0466488332643625	0.241959712862897
81.7671999999987	-0.198669141399888	-0.0164924553554893	0.224237564644062
81.8813999999987	-0.223885881540501	0.0150271252491192	0.201811717016241
81.9955999999987	-0.246753116967184	0.0486426197695303	0.176031560380006
82.1097999999987	-0.252086596803841	0.0745762390138419	0.145211285441341
82.2239999999987	-0.257812948801663	0.103316484699798	0.117133898662446
82.3381999999987	-0.256347263596284	0.131747431698612	0.0886751204041614
82.4523999999987	-0.247536984480296	0.159828437362432	0.0595084309715923
82.5665999999987	-0.23225596126492	0.187166492785665	0.0296040329730633
82.6807999999987	-0.211583275840836	0.213118071220896	-0.00127078959877859
82.7949999999986	-0.186924825423287	0.237024471863968	-0.0340010796596203
82.9091999999986	-0.157644040382626	0.247567069391558	-0.0615195596194472
83.0233999999986	-0.129803375774492	0.256347628517595	-0.0905328698440151
83.1375999999986	-0.101422499492949	0.257833080580362	-0.119081004050622
83.2517999999986	-0.0724449869673485	0.252017012397199	-0.147404528000568
83.3659999999986	-0.0428674716690995	0.23924950788389	-0.175143822743589
83.4801999999986	-0.012301084661935	0.220629307137596	-0.201837644923558
83.5943999999986	0.0195667942594745	0.197517143756125	-0.226743124955836
83.7085999999986	0.0536073388179712	0.171321359256778	-0.249197748349239
83.8227999999986	0.0795338348425349	0.140481169309813	-0.25363872399086
83.9369999999986	0.108188907049173	0.112302234516317	-0.258125328014284
84.0511999999986	0.136550732728574	0.0837589162449647	-0.255326782844922
84.1653999999986	0.164539980063946	0.0544876117115424	-0.245328389355203
84.2795999999986	0.191684843973072	0.0243949767507885	-0.22887144196308
84.3937999999986	0.217368091083066	-0.0067307855592259	-0.207586070001885
84.5079999999986	0.24091341606899	-0.039778838269044	-0.182449632081553
84.6221999999986	0.249593007322683	-0.0667826668278614	-0.152662323320471
84.7363999999986	0.257127987266521	-0.0956914681094989	-0.12472110164738
84.8505999999986	0.257359209932631	-0.124184238615399	-0.0962883083279467
84.9647999999985	0.250297853788768	-0.152399932591327	-0.0672111395532548
85.0789999999985	0.236463986542546	-0.179997601407423	-0.0375095427892365
85.1931999999985	0.216934031711389	-0.206457719924972	-0.00674751925315121
85.3073999999985	0.193210309924289	-0.231012312980517	0.0254244459159463
85.4215999999985	0.166608988196131	-0.25294999544291	0.0599051819036451
85.5357999999985	0.135095009748464	-0.254956001620808	0.0851281310083254
85.6499999999985	0.106845703997466	-0.258157952380886	0.113686564866919
85.7641999999985	0.0782250760328636	-0.253945991851973	0.141941555414592
85.8783999999985	0.049337987810474	-0.242941937883202	0.169339483938824
85.9925999999985	0.0190760649455963	-0.225590239503994	0.196300936866265
86.1067999999985	-0.0123254805185623	-0.203507583456795	0.221678907522068
86.2209999999985	-0.0457651944791007	-0.177887975389904	0.244776499629106
86.3351999999985	-0.0721767586035043	-0.147523188137878	0.251439020813746
86.4493999999985	-0.100975015218467	-0.119482098149725	0.257676222896951
86.5635999999985	-0.129413210371421	-0.0910070596919776	0.25666397949254
86.6777999999985	-0.157514830677754	-0.0618320022798066	0.248200352689632
86.7919999999985	-0.184966126798783	-0.032009206237008	0.233462265218291
86.9061999999985	-0.211179743635806	-0.00110088993456972	0.213126282295169
87.0203999999985	-0.235295765412058	0.0314535567832645	0.188750647385746
87.1345999999985	-0.246733341203322	0.0592904264487718	0.159775090856244
87.2487999999984	-0.255891368096706	0.0883242874282542	0.131943899974846
87.3629999999984	-0.257981846367779	0.11690354491823	0.103580682278011
87.4771999999984	-0.252641762973968	0.145268240543821	0.0746325952101474
87.5913999999984	-0.240336816464043	0.173057199465716	0.045090926583227
87.7055999999984	-0.222079530866109	0.199853101927973	0.0146055519047482
87.8197999999984	-0.199249251247665	0.224900704873214	-0.0171386343158777
87.9339999999984	-0.173215538346215	0.247571526015728	-0.0510001280222796
88.0481999999984	-0.142683755105359	0.253028757280829	-0.0772501733463495
88.1623999999984	-0.114508083079076	0.257874721398309	-0.105923146786092
88.2765999999984	-0.0859968808763755	0.255746788180771	-0.134333495488846
88.3907999999984	-0.0567521658473088	0.246219796898336	-0.162369113280009
88.5049999999984	-0.0267401398018351	0.230316380210212	-0.189619643799506
88.6191999999984	0.00428799300666868	0.209216332327817	-0.215400551081447
88.7333999999984	0.0371935508460855	0.184261622959094	-0.239122859052978
88.8475999999984	0.0645330158525435	0.154798367518956	-0.24878284702637
88.9617999999984	0.0934832379390771	0.126888923520709	-0.256821627431007
89.0759999999984	0.122003011197789	0.0984725765450252	-0.257546373230878
89.1901999999984	0.150269520457243	0.0694352349337939	-0.251017855005206
89.3043999999984	0.177941484371855	0.0397934789799497	-0.237641136453048
89.4185999999983	0.204507001622321	0.00911289904371317	-0.218495239239286
89.5327999999983	0.229189128521225	-0.0229551578527427	-0.194994360302971
89.6469999999983	0.251322117732674	-0.0572727096277978	-0.168522331520463
89.7611999999983	0.254424304288279	-0.082807741165395	-0.137308686269687
89.8753999999983	0.258170121856645	-0.111416187811342	-0.109099640497947
89.9895999999983	0.254632923645288	-0.139728292772409	-0.0805257026173842
90.1037999999983	0.243983895419898	-0.167654579646039	-0.0512337271605667
90.2179999999983	0.227035686806781	-0.194672532436098	-0.0210622456766243
90.3321999999983	0.205248622227408	-0.22016789685082	0.0102186114811471
90.4463999999983	0.179825805807157	-0.243441461521201	0.0434890604480921
90.5605999999983	0.149570497284232	-0.250624768660097	0.070009140896665
90.6747999999983	0.121578911021932	-0.257483135597797	0.0988528656894643
90.7889999999983	0.0931408119965374	-0.257008351353178	0.127323962971198
90.9031999999983	0.0640248016097277	-0.249210969371663	0.155483091965079
91.0173999999983	0.0342489598033935	-0.234766151061771	0.182983342161726
91.1315999999983	0.00340151820401823	-0.214688616301818	0.209294618589337
91.2457999999983	-0.0289838009124494	-0.190662752853907	0.233596178262794
91.3599999999983	-0.0637537095958108	-0.163826874053927	0.255187330615364
91.4741999999983	-0.0884661754415859	-0.13182702153388	0.25563047149123
91.5883999999983	-0.116989023635965	-0.10356574363846	0.258109286480269
91.7025999999982	-0.145198541042734	-0.0749245883763067	0.253264293086644
91.8167999999982	-0.172861434235621	-0.0457027626327174	0.241489239855345
91.9309999999982	-0.199508457791491	-0.0155073470124558	0.2235894080549
92.0451999999982	-0.2246477799448	0.0160795176505657	0.201039896701084
92.1593999999982	-0.247457222232337	0.049741649968743	0.175198664154021
92.2735999999982	-0.252419510402793	0.0755701901419312	0.144276299548422
92.3877999999982	-0.257918164952363	0.104295981583117	0.116186114421569
92.5019999999982	-0.256169013456856	0.132701499256174	0.0877029831766972
92.6161999999982	-0.247008770487268	0.16073985901038	0.0584974832830524
92.7303999999982	-0.231616325990125	0.188061684880548	0.0285810852003455
92.8445999999982	-0.210819557736919	0.213969707925425	-0.00233390593172155
92.9587999999982	-0.186101692224235	0.237841982565052	-0.0350917104155649
93.0729999999982	-0.156721295071242	0.24800731916835	-0.0625118298343767
93.1871999999982	-0.128849555802814	0.256508902361967	-0.091497657672776
93.3013999999982	-0.100459201164808	0.25778072473809	-0.12004182831293
93.4155999999982	-0.0714474807478304	0.251658142558301	-0.14833541456877
93.5297999999982	-0.041833340994937	0.238597114760681	-0.176039805621882
93.6439999999982	-0.0112438547606319	0.219889101627028	-0.202710747078706
93.7581999999982	0.0206869963075328	0.196622751393145	-0.227550041238146
93.8723999999981	0.0548228178590093	0.170346639426364	-0.249900755115853
93.9865999999981	0.0806535908276622	0.139411940602135	-0.253942457939602
94.1007999999981	0.109281438236951	0.111205524386164	-0.258060174702208
94.2149999999981	0.13761985280393	0.082638082449705	-0.255057782113517
94.3291999999981	0.165594624787594	0.0533521344336905	-0.244807323775657
94.4433999999981	0.192709873806317	0.0232321180308959	-0.228248483157545
94.5575999999981	0.218328734611568	-0.0079540502413716	-0.206698724077209
94.6717999999981	0.241774662385804	-0.0410917009521922	-0.181440144570541
94.7859999999981	0.250005521796701	-0.0679761990049216	-0.151533707939641
94.9001999999981	0.257261600062651	-0.0968512178094661	-0.123557250284336
95.0143999999981	0.257015700051519	-0.125305933249676	-0.0950852567914132
95.1285999999981	0.249845974108593	-0.153535647205346	-0.0660199946497443
95.2427999999981	0.235774223854911	-0.181108744984187	-0.0362933486821541
95.3569999999981	0.216085293823321	-0.207529665975231	-0.00549488281577672
95.4711999999981	0.1921482694213	-0.231965101426689	0.0267881608063744
95.5853999999981	0.1654128683071	-0.253744280068003	0.0614113002890587
95.6995999999981	0.133760254280989	-0.255245065930899	0.0864894458105911
95.8137999999981	0.105495144439199	-0.258142848822866	0.115027281876997
95.9279999999981	0.0768761967901085	-0.253700587600615	0.143278982588002
96.0421999999981	0.0477968547435578	-0.242330544906007	0.170842959976477
96.156399999998	0.0175134153076635	-0.224721611912127	0.19774432201762
96.270599999998	-0.0139790913373548	-0.202432627359741	0.223009371829876
96.384799999998	-0.0475346812277	-0.17666486215865	0.24596286040266
96.498999999998	-0.0736772482088615	-0.146040938622065	0.251735670940669
96.613199999998	-0.102459837369845	-0.117993198582571	0.257792948809881
96.727399999998	-0.130895582166842	-0.0895244103516934	0.256450352448719
96.841599999998	-0.158990047291827	-0.0603502183545778	0.24779517956307
96.955799999998	-0.186368743415738	-0.0304653823363529	0.232619186700538
97.069999999998	-0.211135933194436	-0.000633247774061672	0.212044954578896
97.184199999998	-0.235188906783966	0.032036443743007	0.187485930839659
97.298399999998	-0.247314353182918	0.060280254277958	0.158886789319214
97.412599999998	-0.256095576003897	0.0893050765243575	0.131013447040982
97.526799999998	-0.257896903002596	0.118031924977604	0.102451547140899
97.640999999998	-0.252180405062061	0.146377159753469	0.0734614788587128
97.755199999998	-0.239590103753791	0.174124398304592	0.0438593459975514
97.869399999998	-0.221012949134326	0.200855048870942	0.0132944222883203
97.983599999998	-0.197908197880998	0.225782978713129	-0.0185604491387842
98.097799999998	-0.171797608973756	0.248343020244301	-0.0525319903118153
98.211999999998	-0.141238783022794	0.253502196713528	-0.0787569470682758
98.3261999999979	-0.113067207151872	0.258076799484605	-0.107436119708814
98.4403999999979	-0.0845113561722663	0.255441278802323	-0.135805693599451
98.5545999999979	-0.0552347147134276	0.245540794349995	-0.163811623658704
98.6687999999979	-0.0251487438385848	0.229317504414466	-0.190986098633678
98.7829999999979	0.00596662352379587	0.207969136342111	-0.216686237417374
98.8971999999979	0.0390130558106325	0.182861653682499	-0.240252081258585
99.0113999999979	0.0661870750267215	0.153236772216106	-0.249399246958066
99.1255999999979	0.0951053152517899	0.125296932299443	-0.257065808164163
99.2397999999979	0.12360991103775	0.0968668512643703	-0.257436113668497
99.3539999999979	0.151836223096593	0.0677913991190741	-0.250454203618533
99.4681999999979	0.179450671721096	0.0380977707334068	-0.23668304787324
99.5823999999979	0.205954839488296	0.00736685418710476	-0.217308435994954
99.6965999999979	0.230529680507399	-0.0247955811671413	-0.19360019073659
99.8107999999979	0.252500892179937	-0.0592542207444811	-0.167034127108139
99.9249999999979	0.254859352343397	-0.0845825651070196	-0.135620168977552
100.039199999998	0.258165897475161	-0.113149028700106	-0.10737332990309
100.153399999998	0.254221882205433	-0.141416577342461	-0.0787601703256514
100.267599999998	0.243156852770648	-0.169267843470955	-0.0494814034563316
100.381799999998	0.225816961503676	-0.196190049406939	-0.019242968606173
100.495999999998	0.203862638968203	-0.22160965850841	0.0121023314106645
100.610199999998	0.1782898536743	-0.244744531379196	0.0454927914886588
100.724399999998	0.147864573666169	-0.251270986949626	0.0718372525791442
100.838599999998	0.11982332485769	-0.257664535446365	0.100628880736547
100.952799999998	0.0913594567792964	-0.256682491738036	0.129071524577734
101.066999999998	0.0622126781591266	-0.24852799404181	0.15719682326449
101.181199999998	0.032389831825953	-0.233703382058384	0.18464411165668
101.295399999998	0.00152698970129119	-0.213453614976656	0.210823602656273
101.409599999998	-0.0309875405178764	-0.189116601311755	0.23498237238094
101.523799999998	-0.0588574817771112	-0.160173535372854	0.246572834583663
101.637999999998	-0.087920927955171	-0.132372496944918	0.255863475662104
101.752199999998	-0.116490527750113	-0.103999545717125	0.257996330008034
101.866399999998	-0.144846624725679	-0.07504272548	0.252554025097466
101.980599999998	-0.17266086117724	-0.0455243555498036	0.240562225674745
102.094799999998	-0.199466866509207	-0.0150458738851302	0.222344933404132
102.208999999998	-0.224543383729549	0.0166686751377495	0.199600568038986
102.323199999998	-0.247259705572907	0.050491968682837	0.173570107154428
102.437399999998	-0.252900188510963	0.0768022155247506	0.143095136713578
102.551599999998	-0.257993441533893	0.105513388230304	0.114956128813365
102.665799999998	-0.255824857339742	0.133901961072351	0.0864196534036331
102.779999999998	-0.246341117425326	0.161940876619518	0.0571757069786899
102.894199999998	-0.23054965677935	0.189215141136541	0.0271830987617799
103.008399999998	-0.209516971961362	0.214995558069153	-0.00379353782186872
103.122599999998	-0.184625814485154	0.23874413617212	-0.0366818541816838
103.236799999998	-0.155224732826276	0.24864804394613	-0.0640874135908352
103.350999999998	-0.127304757206898	0.256651071727479	-0.0930313682136318
103.465199999998	-0.0989026563775965	0.257621332570972	-0.12157153611795
103.579399999998	-0.0698678033992397	0.251120661686753	-0.149845138908549
103.693599999998	-0.0402261906477301	0.237853526742791	-0.177521650082739
103.807799999998	-0.00957151494177616	0.218766247717174	-0.204120063800356
103.921999999998	0.0224699027774388	0.195303916611214	-0.228836141134819
104.036199999998	0.0567390610297329	0.168904111725452	-0.251029776477817
104.150399999998	0.0823525887559583	0.137762416523068	-0.254340669372239
104.264599999998	0.110957659909554	0.109543821463634	-0.258063204498564
104.378799999998	0.139275131729516	0.0809684661000598	-0.254728886928426
104.492999999998	0.167224532115336	0.0516794689900972	-0.244143407030052
104.607199999998	0.19426461981649	0.0215122923406793	-0.227312779034222
104.721399999998	0.219782240165003	-0.00975374712809198	-0.205524175539893
104.835599999998	0.243041220826689	-0.0430446230178257	-0.180079744462703
104.949799999998	0.250516954554736	-0.0696484224764398	-0.149908661486906
105.063999999998	0.257433825374486	-0.0984961173232738	-0.121920458799339
105.178199999998	0.25703530451759	-0.126976373316572	-0.0934927911728902
105.292399999998	0.249345920542621	-0.155143729445638	-0.0643847231529614
105.406599999998	0.234968617886655	-0.182657548106217	-0.0346207040012193
105.520799999998	0.21507257685161	-0.20899776107876	-0.00379107912168584
105.634999999998	0.190964867227271	-0.233316377332994	0.0285800268181537
105.749199999998	0.164151271357036	-0.254910298214229	0.063351139488309
105.863399999998	0.13218590080666	-0.255556135262659	0.0880992547232536
105.977599999998	0.103924266469901	-0.258121133532262	0.11662310231578
106.091799999998	0.0752908057576642	-0.253403212331209	0.144840820572698
106.205999999998	0.0460746285355875	-0.241669464779502	0.172511579906069
106.320199999998	0.015884533422566	-0.223787187788331	0.199160009429234
106.434399999998	-0.0156586704408246	-0.201355786990493	0.224348547043996
106.548599999998	-0.0492987245019946	-0.175507255668906	0.247185768805891
106.662799999998	-0.0751812743587821	-0.144637438441187	0.252272990173312
106.776999999998	-0.10392027946645	-0.116558574379179	0.257916842820821
106.891199999998	-0.13233474698846	-0.0880823099939292	0.256215494065377
107.005399999998	-0.160395412648633	-0.0588955437663925	0.247291747156
107.119599999998	-0.187714336085018	-0.0289726535231727	0.231826927438464
107.233799999998	-0.213598702142733	0.00196372842655632	0.211009433607692
107.347999999998	-0.237533264000737	0.034664560918455	0.18640067615552
107.462199999998	-0.247865251268286	0.0621398211981005	0.157073566159333
107.576399999998	-0.256438333556317	0.0911392941790923	0.129215453382305
107.690599999998	-0.257812982996738	0.119675214869721	0.100815925396749
107.804799999998	-0.251713822010838	0.147981338920885	0.0718158239359871
107.918999999998	-0.238912047363606	0.175695422638592	0.0422092970360609
108.033199999998	-0.220128318702901	0.202374147322042	0.0116247228946829
108.147399999998	-0.196937944844781	0.22723295082505	-0.0202896089638932
108.261599999998	-0.170666599619213	0.249637019329757	-0.0543778622063175
108.375799999997	-0.139791768681666	0.253855048954386	-0.0802705455392147
108.489999999997	-0.111594233147963	0.258119154608243	-0.108908596636442
108.604199999997	-0.0830275956038412	0.255141158447613	-0.137250136994709
108.718399999997	-0.0537044994786619	0.244824583855595	-0.165188421926775
108.832599999997	-0.023629515860835	0.228486097285926	-0.19235183731141
108.946799999997	0.00753642108825045	0.206968309452495	-0.217992861277736
109.060999999997	0.0406536235418946	0.181772433913839	-0.241463938081348
109.175199999997	0.0675848742577453	0.151911174563993	-0.24990256409879
109.289399999997	0.0964670264129727	0.123940583509688	-0.257177877537354
109.403599999997	0.124957058821498	0.0955013990146669	-0.257273539090567
109.517799999997	0.15315847148059	0.0664060161558464	-0.249969131336972
109.631999999997	0.180731381673384	0.0366775725766361	-0.235934235241364
109.746199999997	0.207186312001384	0.00590917370388856	-0.216342755084489
109.860399999997	0.231650292788712	-0.0263501433671514	-0.192465661382021
109.974599999997	0.253478607725014	-0.0609299672507928	-0.16579446474061
110.088799999997	0.255166270499576	-0.0860489959332155	-0.134178650943364
110.202999999997	0.257996178441228	-0.114569529103139	-0.105892304701192
110.317199999997	0.253854761481533	-0.142849202874322	-0.0772979402716203
110.431399999997	0.242499467605247	-0.170224020083089	-0.0484154829973208
110.545599999997	0.225009333688452	-0.19713689555137	-0.018108430670037
110.659799999997	0.202743985354454	-0.222453002448099	0.0133494252920199
110.773999999997	0.177017019483242	-0.245456794339882	0.0468731244208018
110.888199999997	0.146563173076868	-0.251724612520253	0.0731924998570325
111.002399999997	0.118491878698581	-0.257769513493324	0.101959077066497
111.116599999997	0.090007493998427	-0.256399461166078	0.130386020054489
111.230799999997	0.0608452314522232	-0.247960949544036	0.158500969927441
111.344999999997	0.030970570503042	-0.232852304866371	0.185897967322658
111.459199999997	0.000141301164393395	-0.212389827235867	0.211900217530476
111.573399999997	-0.0324902023123184	-0.187845632552	0.235938330757604
111.687599999997	-0.0602777188710388	-0.158817801710082	0.247060137979544
111.801799999997	-0.0893162932762533	-0.130987072221168	0.256120480868636
111.915999999997	-0.117885872211732	-0.10260568978278	0.257906030286997
112.030199999997	-0.146231125991179	-0.0736335665030398	0.252297596133258
112.144399999997	-0.174002062115754	-0.0440698669104991	0.239805381878034
112.258599999997	-0.200746872175839	-0.0135325158047898	0.221313419043171
112.372799999997	-0.22570749136456	0.0182945607317167	0.198329256949663
112.486999999997	-0.248278978087897	0.0522462695148516	0.172179662393951
112.601199999997	-0.253237347540363	0.0784004509544078	0.141553694720182
112.715399999997	-0.25807159745262	0.107090257827453	0.113396934142076
112.829599999997	-0.255518451339492	0.135473332849728	0.0848591857000174
112.943799999997	-0.245746776958291	0.163476876984187	0.055584602498262
113.057999999997	-0.229563924507531	0.190673807291424	0.0255234881011426
113.172199999997	-0.20825938971857	0.216387873042332	-0.00557702037671424
113.286399999997	-0.183234858426312	0.240012445453615	-0.0385672522541285
113.400599999997	-0.153622396837654	0.249255098276411	-0.0657551778579524
113.514799999997	-0.125704029378305	0.256963875786308	-0.0946955373596997
113.628999999997	-0.0972775741535486	0.25749040477004	-0.123205597003465
113.743199999997	-0.0682114125590879	0.250582055175547	-0.151443193191732
113.857399999997	-0.0385250706430821	0.236965558540464	-0.179067482505044
113.971599999997	-0.00780455576788439	0.217568257572294	-0.205587077981434
114.085799999997	0.024374166707803	0.193831330641651	-0.230147439328934
114.2	0.0587570739400259	0.167383411912872	-0.252202319985226
