"Time [ms]"	"-Moving1.LoadTorque [NewtonMeter]"	"Moving1.Torque [NewtonMeter]"
0	-0	0.0002569366491778
0.1142	-0	0.000255574955315846
0.2284	-0	1.96548422774813
0.3426	-0	3.69384594759665
0.4568	-0	5.34624164933171
0.571	-0	6.94005853592134
0.6852	-0	8.47847472863475
0.7994	-0	9.95492991447004
0.9136	-0	11.3782657133994
1.0278	-0	12.7439932433724
1.142	-0	14.0537020433064
1.2562	-0	15.3098643099314
1.3704	-0	16.5179758335812
1.4846	-0	17.6662626475615
1.5988	-0	18.7533962355873
1.713	-0	19.7772253642386
1.8272	-0	20.7382249493819
1.9414	-0	21.6336960947119
2.0556	-0	22.5080239144885
2.1698	-0	23.457540619509
2.284	-0	24.3914266034094
2.3982	-0	25.2557756741924
2.5124	-0	26.0353199520387
2.6266	-0	26.69313602537
2.7408	-0	27.2207710790231
2.855	-0	27.628260284296
2.9692	-0	27.8403903800326
3.0834	-0	28.0073276060726
3.1976	-0	27.9972987993255
3.3118	-0	27.898379157912
3.426	-0	27.6967653759854
3.5402	-0	27.3342723342392
3.6544	-0	26.9601632943114
3.7686	-0	26.4310116805099
3.8828	-0	25.7814005667602
3.997	-0	24.9720224240614
4.1112	-0	24.142413038624
4.2254	-0	23.1704910299474
4.3396	-0	22.0835473457289
4.4538	-0	20.8866464276177
4.568	-0	19.0046971402802
4.6822	-0	17.5747641866727
4.7964	-0	16.4870370818731
4.9106	-0	15.8271143624049
5.0248	-0	15.605516354071
5.139	-0	15.5658947427386
5.2532	-0	15.7045229388326
5.3674	-0	15.9324580485091
5.4816	-0	16.187569478224
5.5958	-0	16.4111196185497
5.71	-0	16.591298827438
5.8242	-0	16.6966613030087
5.9384	-0	16.6639494654932
6.0526	-0	16.3216526977035
6.1668	-0	14.7872680901246
6.281	-0	13.4986605095075
6.3952	-0	12.5973005198211
6.5094	-0	12.129875863462
6.6236	-0	11.8850986170311
6.7378	-0	11.8308540643673
6.852	-0	11.8173418010101
6.9662	-0	11.7449613950586
7.0804	-0	11.5583457327103
7.1946	-0	11.2573427253129
7.3088	-0	10.168954176014
7.423	-0	9.19686154199374
7.5372	-0	8.42226148652937
7.6514	-0	7.98870263265746
7.7656	-0	7.88387544426959
7.8798	-0	7.95951917003552
7.994	-0	8.15071113277239
8.1082	-0	8.32981646428131
8.2224	-0	8.4286354148275
8.3366	-0	8.36107299034749
8.4508	-0	7.23693912296764
8.565	-0	6.44828688163713
8.6792	-0	6.03600193265893
8.79340000000001	-0	5.97982972345582
8.90760000000001	-0	6.21243730761271
9.02180000000001	-0	6.37339760660933
9.13600000000001	-0	6.49195889867107
9.25020000000001	-0	6.58247740775672
9.36440000000001	-0	6.62553211349978
9.47860000000001	-0	6.60405718798405
9.59280000000001	-0	5.65048179056041
9.70700000000001	-0	5.09559264841754
9.82120000000001	-0	4.92545809740821
9.93540000000001	-0	5.0980524631511
10.0496	-0	5.21515433320093
10.1638	-0	5.30518203861875
10.278	-0	5.37967993683854
10.3922	-0	5.41420424660583
10.5064	-0	5.3845484325668
10.6206	-0	4.51338747439931
10.7348	-0	4.06215537584486
10.849	-0	3.99922836481592
10.9632	-0	4.13862886279625
11.0774	-0	4.20893187337747
11.1916	-0	4.29119177537348
11.3058	-0	4.3529789579962
11.42	-0	4.39215815520333
11.5342	-0	3.51001049510994
11.6484	-0	3.08586951184109
11.7626	-0	3.11376744629277
11.8768	-0	3.22509041783405
11.991	-0	3.30599744813271
12.1052	-0	3.36889743629651
12.2194	-0	3.44499340994424
12.3336	-0	3.51736965839382
12.4478	-0	3.5691073868463
12.562	-0	2.83338881097249
12.6762	-0	2.54102977913037
12.7904	-0	2.6391732980768
12.9046	-0	2.71232820710658
13.0188	-0	2.76743367099193
13.133	-0	2.83171186311953
13.2472	-0	2.91028510053034
13.3614	-0	2.98505583782522
13.4756	-0	2.26607976346366
13.5898	-0	2.06795152683847
13.704	-0	2.15381119147459
13.8182	-0	2.21936580784027
13.9324	-0	2.26794071140567
14.0466	-0	2.33021510484624
14.1608	-0	2.41375943241723
14.275	-0	2.51412264484481
14.3892	-0	1.79800277921723
14.5034	-0	1.71716049570958
14.6176	-0	1.781531087482
14.7318	-0	1.83474665802127
14.846	-0	1.879605745222
14.9602	-0	1.93774686242886
15.0744	-0	2.03065839333577
15.1886	-0	2.150234802736
15.3028	-0	1.45215243557594
15.417	-0	1.45400042044511
15.5312	-0	1.50979742911223
15.6454	-0	1.55038336145645
15.7596	-0	1.58493475504325
15.8738	-0	1.64368783885403
15.988	-0	1.73826357534384
16.1022	-0	1.87964445815419
16.2164	-0	1.19768657012979
16.3306	-0	1.36997623527909
16.4448	-0	1.30499098140391
16.559	-0	1.3344377372857
16.6732	-0	1.36629984918342
16.7874	-0	1.40915192572779
16.9016	-0	1.52712317855025
17.0158	-0	1.67775485403707
17.13	-0	1.03077835011556
17.2442	-0	1.21086170623028
17.3584	-0	1.15092585610989
17.4726	-0	1.17048772170186
17.5868	-0	1.19561785973514
17.701	-0	1.26320116877699
17.8152	-0	1.37200121542134
17.9294	-0	1.54078505291098
18.0436	-0	0.92864071220112
18.1578	-0	1.08002535329562
18.272	-0	1.03653108211687
18.3862	-0	1.04471865098928
18.5004	-0	1.07318479923122
18.6146	-0	1.14328406276119
18.7288	-0	1.26158713606757
18.843	-0	1.44516150964087
18.9572	-0	0.872322991190014
19.0714	-0	1.00237224244699
19.1856	-0	0.955608510029868
19.2998	-0	0.959000641506854
19.414	-0	0.990095466789957
19.5282	-0	1.0509434626018
19.6424	-0	1.1998153491189
19.7566	-0	1.39291331116738
19.8707999999999	-0	0.87357685772885
19.9849999999999	-0	0.937476808336336
20.0991999999999	-0	0.902676755112705
20.2133999999999	-0	0.908886501613382
20.3275999999999	-0	0.934328858546573
20.4417999999999	-0	1.02471176572597
20.5559999999999	-0	1.17677157538459
20.6701999999999	-0	0.724029142139304
20.7843999999999	-0	0.75313845752553
20.8985999999999	-0	0.741975563295937
21.0127999999999	-0	0.734548435349792
21.1269999999999	-0	0.741373210317104
21.2411999999999	-0	0.78588439487099
21.3553999999999	-0	0.896953397510638
21.4695999999999	-0	1.08269136365632
21.5837999999999	-0	0.676716828052559
21.6979999999999	-0	0.685171887339925
21.8121999999999	-0	0.668009531280176
21.9263999999999	-0	0.654757198386861
22.0405999999999	-0	0.665211337165253
22.1547999999999	-0	0.729563282477458
22.2689999999999	-0	0.863813995267051
22.3831999999999	-0	1.07015244857962
22.4973999999999	-0	0.672666143685017
22.6115999999999	-0	0.665008090457917
22.7257999999999	-0	0.640577828245589
22.8399999999999	-0	0.623165526106447
22.9541999999999	-0	0.647144191539702
23.0683999999999	-0	0.730473405394361
23.1825999999999	-0	0.886695366534948
23.2967999999999	-0	0.547973368862178
23.4109999999999	-0	0.559018497774299
23.5251999999999	-0	0.536775114647819
23.6393999999999	-0	0.513067159117667
23.7535999999999	-0	0.502774621745145
23.8677999999999	-0	0.551045140797133
23.9819999999999	-0	0.662742538652736
24.0961999999999	-0	0.860150545934059
24.2103999999999	-0	0.526705627326548
24.3245999999999	-0	0.519021400583258
24.4387999999999	-0	0.486530670473726
24.5529999999999	-0	0.461356062835707
24.6671999999999	-0	0.468650598872884
24.7813999999999	-0	0.536546487354355
24.8955999999999	-0	0.677437191924628
25.0097999999999	-0	0.9014657185004
25.1239999999999	-0	0.557205755201594
25.2381999999999	-0	0.53214718270527
25.3523999999999	-0	0.496132829985569
25.4665999999999	-0	0.468290314087027
25.5807999999999	-0	0.494351042716145
25.6949999999999	-0	0.582211081720432
25.8091999999999	-0	0.759247176626108
25.9233999999999	-0	0.459547619070401
26.0375999999999	-0	0.446812714061745
26.1517999999999	-0	0.414033431755512
26.2659999999999	-0	0.379349936110468
26.3801999999999	-0	0.372976465513537
26.4943999999999	-0	0.425513611137719
26.6085999999999	-0	0.545839026229281
26.7227999999998	-0	0.765791092210333
26.8369999999998	-0	0.460063172556885
26.9511999999998	-0	0.433218224996437
27.0653999999998	-0	0.388969915245997
27.1795999999998	-0	0.359061556156426
27.2937999999998	-0	0.370612532638813
27.4079999999998	-0	0.447272936011175
27.5221999999998	-0	0.616951386144896
27.6363999999998	-0	0.854081201295387
27.7505999999998	-0	0.533471437607336
27.8647999999998	-0	0.482769319586539
27.9789999999998	-0	0.436866734036142
28.0931999999998	-0	0.411220369270953
28.2073999999998	-0	0.4417080646218
28.3215999999998	-0	0.549046167892808
28.4357999999998	-0	0.744214257482338
28.5499999999998	-0	0.440003591745375
28.6641999999998	-0	0.406631368263458
28.7783999999998	-0	0.357151079725149
28.8925999999998	-0	0.320718825059557
29.0067999999998	-0	0.31713088049051
29.1209999999998	-0	0.382073344375229
29.2351999999998	-0	0.535732795177106
29.3493999999998	-0	0.769399125077047
29.4635999999998	-0	0.453726824765624
29.5777999999998	-0	0.412028683969555
29.6919999999998	-0	0.360804233325974
29.8061999999998	-0	0.322965750934927
29.9203999999998	-0	0.35222579021005
30.0345999999998	-0	0.446987981988619
30.1487999999998	-0	0.646097749564115
30.2629999999998	-0	0.375533623976349
30.3771999999998	-0	0.342561582415439
30.4913999999998	-0	0.284662226411689
30.6055999999998	-0	0.237211735140546
30.7197999999998	-0	0.232869091009866
30.8339999999998	-0	0.296629391109822
30.9481999999998	-0	0.451452023446678
31.0623999999998	-0	0.683247412146157
31.1765999999998	-0	0.400029244822749
31.2907999999998	-0	0.347534258215346
31.4049999999998	-0	0.290408260808417
31.5191999999998	-0	0.258201894711255
31.6333999999998	-0	0.275054931569933
31.7475999999998	-0	0.371446112705097
31.8617999999998	-0	0.564653095134964
31.9759999999998	-0	0.32583987621827
32.0901999999998	-0	0.286137053309527
32.2043999999998	-0	0.226314065659081
32.3185999999998	-0	0.180613160021299
32.4327999999998	-0	0.168682465351432
32.5469999999998	-0	0.231335031535721
32.6611999999998	-0	0.382454917869036
32.7753999999998	-0	0.621621227925189
32.8895999999998	-0	0.356599805965542
33.0037999999998	-0	0.297615935783278
33.1179999999998	-0	0.238362441543739
33.2321999999998	-0	0.199140301722491
33.3463999999998	-0	0.221557706539389
33.4605999999998	-0	0.322396030623682
33.5747999999998	-0	0.51864839524847
33.6889999999998	-0	0.299466617960139
33.8031999999998	-0	0.255394235854744
33.9173999999998	-0	0.190591609180832
34.0315999999998	-0	0.141342238723416
34.1457999999998	-0	0.127531844059825
34.26	-0	0.189342128915247
34.3742000000002	-0	0.347752272248111
34.4884000000002	-0	0.58721944081009
34.6026000000002	-0	0.330877211310808
34.7168000000002	-0	0.26868514843785
34.8310000000002	-0	0.209842614071156
34.9452000000002	-0	0.168757786093377
35.0594000000002	-0	0.181288091607217
35.1736000000002	-0	0.289266703562599
35.2878000000002	-0	0.485740966390137
35.4020000000002	-0	0.272508093913362
35.5162000000002	-0	0.225916667367491
35.6304000000002	-0	0.160955526350329
35.7446000000002	-0	0.10944306537387
35.8588000000002	-0	0.0978159180614249
35.9730000000002	-0	0.162609383199493
36.0872000000002	-0	0.325310472420814
36.2014000000002	-0	0.567621336777597
36.3156000000002	-0	0.317442536240986
36.4298000000002	-0	0.256451857947191
36.5440000000002	-0	0.190720727007388
36.6582000000002	-0	0.147572902888989
36.7724000000002	-0	0.17185361855559
36.8866000000002	-0	0.275483821098686
37.0008000000002	-0	0.479132497670809
37.1150000000002	-0	0.262728180101306
37.2292000000002	-0	0.215456367178299
37.3434000000002	-0	0.14450542706267
37.4576000000002	-0	0.0911406405152164
37.5718000000002	-0	0.0853398424914619
37.6860000000002	-0	0.137401181464173
37.8002000000002	-0	0.314326945200583
37.9144000000002	-0	0.562446648346724
38.0286000000002	-0	0.310927965824137
38.1428000000002	-0	0.24366371659206
38.2570000000002	-0	0.171460877693107
38.3712000000002	-0	0.136476476471057
38.4854000000002	-0	0.161811225501947
38.5996000000002	-0	0.270738400039687
38.7138000000002	-0	0.478640195509386
38.8280000000002	-0	0.260521645557353
38.9422000000002	-0	0.202159619689771
39.0564000000002	-0	0.130156055643839
39.1706000000002	-0	0.078550255002442
39.2848000000003	-0	0.0732763820893131
39.3990000000003	-0	0.144524779029262
39.5132000000003	-0	0.315210790528241
39.6274000000003	-0	0.57308619294525
39.7416000000003	-0	0.312562554593884
39.8558000000003	-0	0.244494510093957
39.9700000000003	-0	0.175699885752878
40.0842000000003	-0	0.133272898776551
40.1984000000003	-0	0.162673561746419
40.3126000000003	-0	0.274935176326515
40.4268000000003	-0	0.494503468944321
40.5410000000003	-0	0.26505294296872
40.6552000000003	-0	0.204935735768571
40.7694000000003	-0	0.131423472275203
40.8836000000003	-0	0.0725177889837022
40.9978000000003	-0	0.0733912955947215
41.1120000000003	-0	0.152415509893236
41.2262000000003	-0	0.331677187635685
41.3404000000003	-0	0.190636884749027
41.4546000000003	-0	0.144339275258777
41.5688000000003	-0	0.0734217918408181
41.6830000000003	-0	0.0118256755505636
41.7972000000003	-0	-0.00783317298747437
41.9114000000003	-0	0.0514898532337804
42.0256000000003	-0	0.192309727328996
42.1398000000003	-0	0.420920075739996
42.2540000000003	-0	0.219299684739592
42.3682000000003	-0	0.156043227208458
42.4824000000003	-0	0.0816903821756815
42.5966000000003	-0	0.0306902158056504
42.7108000000003	-0	0.0400159443198417
42.8250000000003	-0	0.137101255696056
42.9392000000003	-0	0.329195789152398
43.0534000000003	-0	0.182540011629524
43.1676000000003	-0	0.13414377736911
43.2818000000003	-0	0.0649840402600092
43.3960000000003	-0	-0.00267986142300068
43.5102000000003	-0	-0.0104165346924428
43.6244000000003	-0	0.0506132417849608
43.7386000000003	-0	0.201293008453683
43.8528000000003	-0	0.446637281615127
43.9670000000003	-0	0.228981208964308
44.0812000000003	-0	0.162602243436552
44.1954000000003	-0	0.0873922632645168
44.3096000000003	-0	0.04363274538658
44.4238000000003	-0	0.0361200123617673
44.5380000000003	-0	0.13842413553004
44.6522000000003	-0	0.33919492574752
44.7664000000003	-0	0.178056265547676
44.8806000000003	-0	0.128759888811311
44.9948000000003	-0	0.0523513259861916
45.1090000000003	-0	0.00514055583833954
45.2232000000003	-0	0.00495062165329785
45.3374000000003	-0	-0.0173233478209007
45.4516000000003	-0	0.166192131362572
45.5658000000004	-0	0.423013843988379
45.6800000000004	-0	0.218914526444499
45.7942000000004	-0	0.14674001008793
45.9084000000004	-0	0.0740716873674521
46.0226000000004	-0	0.032270838949698
46.1368000000004	-0	0.00790037648648202
46.2510000000004	-0	0.122540290477273
46.3652000000004	-0	0.338418367812415
46.4794000000004	-0	0.179543385455523
46.5936000000004	-0	0.117976960999844
46.7078000000004	-0	0.0463295800424481
46.8220000000004	-0	0.0053398791434998
46.9362000000004	-0	0.00769953328728809
47.0504000000004	-0	0.0695312894134694
47.1646000000004	-0	0.240206097357809
47.2788000000004	-0	0.501360803386779
47.3930000000004	-0	0.262034150746862
47.5072000000004	-0	0.191860574761415
47.6214000000004	-0	0.122191470599976
47.7356000000004	-0	0.0735183977173802
47.8498000000004	-0	0.104838991778769
47.9640000000004	-0	0.221722715034257
48.0782000000004	-0	0.435621430566769
48.1924000000004	-0	0.22649290631304
48.3066000000004	-0	0.170771921722675
48.4208000000004	-0	0.0856029726580298
48.5350000000004	-0	0.0285270722110354
48.6492000000004	-0	0.036254936943182
48.7634000000004	-0	0.11296235760857
48.8776000000004	-0	0.295265108697868
48.9918000000004	-0	0.165618656850011
49.1060000000004	-0	0.12019322212697
49.2202000000004	-0	0.0454386284146765
49.3344000000004	-0	-0.00721189188193066
49.4486000000004	-0	-0.0246123510471205
49.5628000000004	-0	0.0291859739442902
49.6770000000004	-0	0.167941928513376
49.7912000000004	-0	0.395693396244792
49.9054000000004	-0	0.206414790909196
50.0196000000004	-0	0.142502694857666
50.1338000000004	-0	0.0646685973370403
50.2480000000004	-0	-0.00147670764132568
50.3622000000004	-0	0.0157761821259564
50.4764000000004	-0	0.10744344828088
50.5906000000004	-0	0.302348909256786
50.7048000000004	-0	0.165550912758395
50.8190000000004	-0	0.110694334873678
50.9332000000004	-0	0.0340573852725154
51.0474000000004	-0	-0.0134939215708066
51.1616000000004	-0	-0.0198579709153093
51.2758000000004	-0	0.042781717846055
51.3900000000004	-0	0.19362533561198
51.5042000000004	-0	0.437006181294341
51.6184000000004	-0	0.222374579792577
51.7326000000004	-0	0.152130896866868
51.8468000000004	-0	0.0750751882710008
51.9610000000005	-0	0.0276617440358758
52.0752000000005	-0	0.0519789331411891
52.1894000000005	-0	0.149664115149058
52.3036000000005	-0	0.353816018726497
52.4178000000005	-0	0.185486959473077
52.5320000000005	-0	0.12585896223387
52.6462000000005	-0	0.0524738105004538
52.7604000000005	-0	0.0120148913130367
52.8746000000005	-0	-0.000627105511385348
52.9888000000005	-0	0.0657605784079093
53.1030000000005	-0	0.228702562213643
53.2172000000005	-0	0.479177791064758
53.3314000000005	-0	0.251064116202566
53.4456000000005	-0	0.173510749981334
53.5598000000005	-0	0.10068665635249
53.6740000000005	-0	0.0530089523171128
53.7882000000005	-0	0.0754757270921819
53.9024000000005	-0	0.186396548631742
54.0166000000005	-0	0.398638916060686
54.1308000000005	-0	0.20356731411652
54.2450000000005	-0	0.128805266214374
54.3592000000005	-0	0.0608437161057953
54.4734000000005	-0	0.0111559506963947
54.5876000000005	-0	0.0153128379115322
54.7018000000005	-0	0.0866072160212027
54.8160000000005	-0	0.256534689579427
54.9302000000005	-0	0.521480830198735
55.0444000000005	-0	0.279991773519801
55.1586000000005	-0	0.202343492005844
55.2728000000005	-0	0.123601438104079
55.3870000000005	-0	0.0826191539211396
55.5012000000005	-0	0.110387820930594
55.6154000000005	-0	0.231769107242246
55.7296000000005	-0	0.45694387363305
55.8438000000005	-0	0.232383545212654
55.9580000000005	-0	0.163636019852812
56.0722000000005	-0	0.080206391329278
56.1864000000005	-0	0.0263193252857444
56.3006000000005	-0	0.0308886543469243
56.4148000000005	-0	0.120622862205629
56.5290000000005	-0	0.305162375301367
56.6432000000005	-0	0.164294018188185
56.7574000000005	-0	0.108452592748552
56.8716000000005	-0	0.0282867564309953
56.9858000000005	-0	-0.0231349797937709
57.1	-0	-0.034706997924054
57.2141999999995	-0	0.0309509040436897
57.3283999999995	-0	0.172135443027686
57.4425999999995	-0	0.414121252546404
57.5567999999995	-0	0.206103808158394
57.6709999999995	-0	0.131414228322783
57.7851999999995	-0	0.0568944842168414
57.8993999999995	-0	0.013805288330144
58.0135999999995	-0	0.0377642470548426
58.1277999999995	-0	0.128490825944213
58.2419999999995	-0	0.333859713942368
58.3561999999995	-0	0.17567923463457
58.4703999999995	-0	0.109146860970143
58.5845999999995	-0	0.032917920679569
58.6987999999995	-0	-0.0185767015919581
58.8129999999995	-0	-0.023086319087944
58.9271999999995	-0	0.0468943781408436
59.0413999999995	-0	0.208657224963798
59.1555999999995	-0	0.461773236038336
59.2697999999995	-0	0.233096746607821
59.3839999999995	-0	0.1561568201727
59.4981999999995	-0	0.0815234056956989
59.6123999999995	-0	0.0294009338471508
59.7265999999995	-0	-0.0021502370686468
59.8407999999995	-0	0.11430429318851
59.9549999999995	-0	0.332954896943598
60.0691999999995	-0	0.164693056683563
60.1833999999995	-0	0.102638784309268
60.2975999999995	-0	0.018275293245511
60.4117999999995	-0	-0.0284079997361264
60.5259999999995	-0	-0.0258125367215224
60.6401999999995	-0	0.0622930672764166
60.7543999999995	-0	0.23708035668875
60.8685999999995	-0	0.504761013603193
60.9827999999995	-0	0.267040034044143
61.0969999999995	-0	0.185919323147373
61.2111999999995	-0	0.107191870489607
61.3253999999995	-0	0.0623439232218729
61.4395999999995	-0	0.0937976119614745
61.5537999999995	-0	0.21963930440395
61.6679999999995	-0	0.449350775151198
61.7821999999995	-0	0.223863318146005
61.8963999999995	-0	0.153311732944714
62.0105999999995	-0	0.0687100411510089
62.1247999999995	-0	-0.00161314414899914
62.2389999999996	-0	0.0103230864501217
62.3531999999996	-0	0.0976328208138741
62.4673999999996	-0	0.28849238071888
62.5815999999996	-0	0.150722553978053
62.6957999999996	-0	0.0930192234401071
62.8099999999995	-0	0.0107060514096742
62.9241999999995	-0	-0.0421980379749761
63.0383999999995	-0	-0.0511204102800636
63.1525999999995	-0	-0.0084684509953861
63.2667999999995	-0	0.163687284446534
63.3809999999995	-0	0.409453210076006
63.4951999999995	-0	0.202587673028849
63.6093999999995	-0	0.124953766606732
63.7235999999995	-0	0.0434232910007819
63.8377999999995	-0	0.00645030615012171
63.9519999999995	-0	0.031569722016135
64.0661999999995	-0	0.131826420428656
64.1803999999995	-0	0.337267815048294
64.2945999999995	-0	0.17279283180326
64.4087999999995	-0	0.105776850102044
64.5229999999995	-0	0.0261961179309398
64.6371999999995	-0	-0.0193941589903763
64.7513999999995	-0	-0.0268051680253929
64.8655999999995	-0	0.0457441926546159
64.9797999999994	-0	0.211451594129249
65.0939999999994	-0	0.469676129491072
65.2081999999994	-0	0.234034658285311
65.3223999999994	-0	0.157470648269429
65.4365999999994	-0	0.0822429722834074
65.5507999999994	-0	0.0284069159066859
65.6649999999994	-0	-0.00233071510534646
65.7791999999994	-0	0.120041876153447
65.8933999999994	-0	0.342622262376448
66.0075999999994	-0	0.165576538856529
66.1217999999994	-0	0.104127847263348
66.2359999999994	-0	0.0147642582196693
66.3501999999994	-0	-0.0316525433674495
66.4643999999994	-0	-0.0242346498749856
66.5785999999994	-0	0.0659465739884486
66.6927999999994	-0	0.250646224140184
66.8069999999994	-0	0.13609190596287
66.9211999999994	-0	0.0818775353566351
67.0353999999994	-0	0.00244270111574441
67.1495999999994	-0	-0.0532066941085535
67.2637999999993	-0	-0.0697064465331216
67.3779999999993	-0	-0.0146509293059476
67.4921999999993	-0	0.129475407083208
67.6063999999993	-0	0.36382829190406
67.7205999999993	-0	0.179495796298885
67.8347999999993	-0	0.107903003484192
67.9489999999993	-0	0.0284020899255271
68.0631999999993	-0	-0.012529653584647
68.1773999999993	-0	0.00666668828729645
68.2915999999993	-0	0.101024609606237
68.4057999999993	-0	0.297554779883594
68.5199999999993	-0	0.153306606807051
68.6341999999993	-0	0.0916864126811247
68.7483999999993	-0	0.0123127067844852
68.8625999999993	-0	-0.0394747765507671
68.9767999999993	-0	-0.0452205379585975
69.0909999999993	-0	0.0234030425181621
69.2051999999993	-0	0.183183407385138
69.3193999999993	-0	0.432765121369045
69.4335999999992	-0	0.213080228900036
69.5477999999992	-0	0.137899229847021
69.6619999999992	-0	0.0601669928350989
69.7761999999992	-0	0.0214665077079664
69.8903999999992	-0	0.0480016574786926
70.0045999999992	-0	0.153843396317731
70.1187999999992	-0	0.364137293169198
70.2329999999992	-0	0.184137561373139
70.3471999999992	-0	0.115557176283978
70.4613999999992	-0	0.0366841993368993
70.5755999999992	-0	-0.00767165515618191
70.6897999999992	-0	-0.0128021743378034
70.8039999999992	-0	0.0637370341404735
70.9181999999992	-0	0.235356427242005
71.0323999999992	-0	0.496968924275089
71.1465999999992	-0	0.257308985065329
71.2607999999992	-0	0.173606269283524
71.3749999999992	-0	0.0980422248581996
71.4891999999992	-0	0.0525939724852383
71.6033999999992	-0	0.0805895666600938
71.7175999999991	-0	0.201993608567687
71.8317999999991	-0	0.41903696682763
71.9459999999991	-0	0.208753384350181
72.0601999999991	-0	0.129554996024079
72.1743999999991	-0	0.0530220922995597
72.2885999999991	-0	0.0049832022140422
72.4027999999991	-0	0.0160684454151216
72.5169999999991	-0	0.0966089126281147
72.6311999999991	-0	0.282010861956797
72.7453999999991	-0	0.149760018693311
72.8595999999991	-0	0.0908848097578983
72.9737999999991	-0	0.0173328573456965
73.0879999999991	-0	-0.0457663448384104
73.2021999999991	-0	-0.0584004655628964
73.3163999999991	-0	-0.00357721636937433
73.4305999999991	-0	0.149357317757628
73.5447999999991	-0	0.396657673643978
73.6589999999991	-0	0.190655362413999
73.7731999999991	-0	0.115111274392779
73.887399999999	-0	0.031606115764565
74.001599999999	-0	-0.00426262576231355
74.115799999999	-0	0.0185362882344533
74.229999999999	-0	0.119089199984201
74.344199999999	-0	0.322411889341355
74.458399999999	-0	0.160957709553254
74.572599999999	-0	0.0957527228244806
74.686799999999	-0	0.0135480447937151
74.800999999999	-0	-0.0366503857837238
74.915199999999	-0	-0.0396338171394245
75.029399999999	-0	0.0361593645206513
75.143599999999	-0	0.199359339676475
75.257799999999	-0	0.458091234979702
75.371999999999	-0	0.227155719044454
75.486199999999	-0	0.147901840121076
75.600399999999	-0	0.0700500080867478
75.714599999999	-0	0.00411262456109984
75.828799999999	-0	0.042066939447442
75.942999999999	-0	0.152278988222253
76.057199999999	-0	0.37575199525489
76.1713999999989	-0	0.185512893769358
76.2855999999989	-0	0.115921461786556
76.3997999999989	-0	0.0340616324509967
76.5139999999989	-0	-0.0185292022150158
76.6281999999989	-0	-0.00993672788123046
76.7423999999989	-0	0.0609701901057943
76.8565999999989	-0	0.243768183428145
76.9707999999989	-0	0.132616258063095
77.0849999999989	-0	0.075906834702634
77.1991999999989	-0	-0.00299039512184594
77.3133999999989	-0	-0.0590866278519659
77.4275999999989	-0	-0.0816473856104815
77.5417999999989	-0	-0.0220806414725731
77.6559999999989	-0	0.122976679562925
77.7701999999989	-0	0.358055550127172
77.8843999999989	-0	0.172150223979991
77.9985999999989	-0	0.098982395091646
78.1127999999989	-0	0.0174508188585777
78.2269999999989	-0	-0.0250453420009799
78.3411999999988	-0	-0.0144419892893222
78.4553999999988	-0	0.0887153214396297
78.5695999999988	-0	0.287754441426901
78.6837999999988	-0	0.146767589983392
78.7979999999988	-0	0.0868340011596731
78.9121999999988	-0	0.00718194155885367
79.0263999999988	-0	-0.0478662402178986
79.1405999999988	-0	-0.0536309533280631
79.2547999999988	-0	0.0104234547699103
79.3689999999988	-0	0.171206103619329
79.4831999999988	-0	0.424046799263098
79.5973999999988	-0	0.208671038548059
79.7115999999988	-0	0.129219942252084
79.8257999999988	-0	0.0461623304616868
79.9399999999988	-0	0.0143612519760154
80.0541999999988	-0	0.0438946879926361
80.1683999999988	-0	0.148828314643401
80.2825999999988	-0	0.358264793947207
80.3967999999988	-0	0.176415802906799
80.5109999999988	-0	0.112542435945904
80.6251999999987	-0	0.0289525339916735
80.7393999999987	-0	-0.0214479821555183
80.8535999999987	-0	-0.0193289667543845
80.9677999999987	-0	0.056747752587547
81.0819999999987	-0	0.236023853416151
81.1961999999987	-0	0.495777623319293
81.3103999999987	-0	0.26121815644052
81.4245999999987	-0	0.170979055938613
81.5387999999987	-0	0.0948453640852078
81.6529999999987	-0	0.0477481764045432
81.7671999999987	-0	0.0736360848068745
81.8813999999987	-0	0.195559342664763
81.9955999999987	-0	0.418772779759062
82.1097999999987	-0	0.207525401565399
82.2239999999987	-0	0.129881169479181
82.3381999999987	-0	0.0532477956506024
82.4523999999987	-0	0.00358790884439445
82.5665999999987	-0	0.0157107309281491
82.6807999999987	-0	0.096243622827511
82.7949999999986	-0	0.27888587501656
82.9091999999986	-0	0.150279577718489
83.0233999999986	-0	0.0912373302033387
83.1375999999986	-0	0.0116832687464425
83.2517999999986	-0	-0.0455914633242668
83.3659999999986	-0	-0.0607839462771255
83.4801999999986	-0	0.00172615185654266
83.5943999999986	-0	0.152706944385232
83.7085999999986	-0	0.39596917051506
83.8227999999986	-0	0.192408695683819
83.9369999999986	-0	0.117469290794499
84.0511999999986	-0	0.034520215008083
84.1653999999986	-0	-0.00692105558204832
84.2795999999986	-0	0.015754064226542
84.3937999999986	-0	0.121809353915512
84.5079999999986	-0	0.324050854639594
84.6221999999986	-0	0.162085189079096
84.7363999999986	-0	0.0983298816947122
84.8505999999986	-0	0.0139973103561521
84.9647999999985	-0	-0.0363269827279678
85.0789999999985	-0	-0.0379083038245671
85.1931999999985	-0	0.0311417017093291
85.3073999999985	-0	0.199442853657574
85.4215999999985	-0	0.456808989137174
85.5357999999985	-0	0.228640732182439
85.6499999999985	-0	0.147089898343284
85.7641999999985	-0	0.0723556722480229
85.8783999999985	-0	-0.00220261026924291
85.9925999999985	-0	0.0358359473249045
86.1067999999985	-0	0.15106629359679
86.2209999999985	-0	0.370157327674069
86.3351999999985	-0	0.181358667915115
86.4493999999985	-0	0.108728273106283
86.5635999999985	-0	0.0253811462890645
86.6777999999985	-0	-0.0207775624823143
86.7919999999985	-0	-0.0130865751316697
86.9061999999985	-0	0.0724667423211349
87.0203999999985	-0	0.255281671358632
87.1345999999985	-0	0.13831159865572
87.2487999999984	-0	0.0752234829143962
87.3629999999984	-0	-0.00235312160884894
87.4771999999984	-0	-0.0569145044875063
87.5913999999984	-0	-0.0793362382893349
87.7055999999984	-0	-0.0220062460984616
87.8197999999984	-0	0.12371730266515
87.9339999999984	-0	0.364762963662468
88.0481999999984	-0	0.174537583508301
88.1623999999984	-0	0.0969611861077257
88.2765999999984	-0	0.0209289121481244
88.3907999999984	-0	-0.0216706009280633
88.5049999999984	-0	-0.00495856296521671
88.6191999999984	-0	0.0918088579246748
88.7333999999984	-0	0.288543601775964
88.8475999999984	-0	0.147108762764662
88.9617999999984	-0	0.0841344309468519
89.0759999999984	-0	0.00449613145020698
89.1901999999984	-0	-0.0482157325539561
89.3043999999984	-0	-0.0579599507575275
89.4185999999983	-0	0.0142463707912493
89.5327999999983	-0	0.178771721706463
89.6469999999983	-0	0.429640561180304
89.7611999999983	-0	0.212354613062091
89.8753999999983	-0	0.13678713575739
89.9895999999983	-0	0.0558467998004951
90.1037999999983	-0	0.0162157452160107
90.2179999999983	-0	0.0475641354977071
90.3321999999983	-0	0.156474905906523
90.4463999999983	-0	0.367166485491205
90.5605999999983	-0	0.178046210504601
90.6747999999983	-0	0.115830871924291
90.7889999999983	-0	0.0298825279077943
90.9031999999983	-0	-0.0211463987772181
91.0173999999983	-0	-0.0148741379091816
91.1315999999983	-0	0.0509864077203918
91.2457999999983	-0	0.240373236035819
91.3599999999983	-0	0.501140717450461
91.4741999999983	-0	0.259758068764975
91.5883999999983	-0	0.175463617308585
91.7025999999982	-0	0.0955756766679936
91.8167999999982	-0	0.0528706904754803
91.9309999999982	-0	0.0813185797763645
92.0451999999982	-0	0.206637551490288
92.1593999999982	-0	0.42776326129484
92.2735999999982	-0	0.213163455803265
92.3877999999982	-0	0.136276545719248
92.5019999999982	-0	0.0516298442294915
92.6161999999982	-0	0.00726902503814631
92.7303999999982	-0	0.0207478958063992
92.8445999999982	-0	0.102910935935235
92.9587999999982	-0	0.292628543182065
93.0729999999982	-0	0.152666671721249
93.1871999999982	-0	0.0873886416957749
93.3013999999982	-0	0.00461876588303527
93.4155999999982	-0	-0.0492399807566195
93.5297999999982	-0	-0.0628054452692801
93.6439999999982	-0	-0.000304510582478122
93.7581999999982	-0	0.155097470325374
93.8723999999981	-0	0.403636506626737
93.9865999999981	-0	0.194141829511687
94.1007999999981	-0	0.116893679929153
94.2149999999981	-0	0.0362955187532286
94.3291999999981	-0	-0.00350453207023891
94.4433999999981	-0	0.0215406160026135
94.5575999999981	-0	0.125437077064133
94.6717999999981	-0	0.331685398359016
94.7859999999981	-0	0.162425945511655
94.9001999999981	-0	0.0930954689509292
95.0143999999981	-0	0.014073111251341
95.1285999999981	-0	-0.0395216893431972
95.2427999999981	-0	-0.0386411952493262
95.3569999999981	-0	0.0356214277019704
95.4711999999981	-0	0.209943164679413
95.5853999999981	-0	0.467180857620583
95.6995999999981	-0	0.236053852127157
95.8137999999981	-0	0.154392939892522
95.9279999999981	-0	0.0741710258839695
96.0421999999981	-0	0.0154997368554211
96.156399999998	-0	0.0536247803045723
96.270599999998	-0	0.175923164701641
96.384799999998	-0	0.394691176130177
96.498999999998	-0	0.193929222960731
96.613199999998	-0	0.121004753826224
96.727399999998	-0	0.0377536198430954
96.841599999998	-0	-0.0147455444740405
96.955799999998	-0	-0.00320135719663095
97.069999999998	-0	-0.00308101203838122
97.184199999998	-0	0.195514588371306
97.298399999998	-0	0.0994988196221443
97.412599999998	-0	0.0348656350870447
97.526799999998	-0	-0.0286292187643105
97.640999999998	-0	-0.0824687827881224
97.755199999998	-0	-0.0967949277191923
97.869399999998	-0	-0.0341867014006
97.983599999998	-0	0.108860411851134
98.097799999998	-0	0.362740802104374
98.211999999998	-0	0.17201370013561
98.3261999999979	-0	0.096897686665224
98.4403999999979	-0	0.0141814048966452
98.5545999999979	-0	-0.0243663385702076
98.6687999999979	-0	0.000395294119710618
98.7829999999979	-0	0.0989576631597034
98.8971999999979	-0	0.30194003076002
99.0113999999979	-0	0.155155510566374
99.1255999999979	-0	0.0880798472527756
99.2397999999979	-0	0.0045395098920083
99.3539999999979	-0	-0.0455157304931706
99.4681999999979	-0	-0.0577439542805783
99.5823999999979	-0	0.022777195247565
99.6965999999979	-0	0.189980256110408
99.8107999999979	-0	0.446212553739991
99.9249999999979	-0	0.222912411515566
100.039199999998	-0	0.13807641394298
100.153399999998	-0	0.0629169226365884
100.267599999998	-0	0.0246190823204239
100.381799999998	-0	0.0551129711363858
100.495999999998	-0	0.169586187203781
100.610199999998	-0	0.382910364928715
100.724399999998	-0	0.187770791489114
100.838599999998	-0	0.115316595489691
100.952799999998	-0	0.0387525676552436
101.066999999998	-0	-0.0152817041286936
101.181199999998	-0	-0.00795412002306671
101.295399999998	-0	0.065248539471445
101.409599999998	-0	0.253596776809131
101.523799999998	-0	0.136967226370352
101.637999999998	-0	0.077565206619478
101.752199999998	-0	-0.0016732277711934
101.866399999998	-0	-0.0627977140890159
101.980599999998	-0	-0.0799307773114785
102.094799999998	-0	-0.022283134006636
102.208999999998	-0	0.120984099435323
102.323199999998	-0	0.359627907234194
102.437399999998	-0	0.171461076892028
102.551599999998	-0	0.0966819502881621
102.665799999998	-0	0.0172852751667723
102.779999999998	-0	-0.0244550010594962
102.894199999998	-0	-0.00637947440193214
103.008399999998	-0	0.0822183151425635
103.122599999998	-0	0.281443599637998
103.236799999998	-0	0.142889096042966
103.350999999998	-0	0.0796779561936865
103.465199999998	-0	-0.001771788783864
103.579399999998	-0	-0.0519372638519419
103.693599999998	-0	-0.0629303714351069
103.807799999998	-0	0.00794966905769651
103.921999999998	-0	0.166623905344277
104.036199999998	-0	0.42092613280447
104.150399999998	-0	0.206365374545853
104.264599999998	-0	0.125163225117304
104.378799999998	-0	0.0481124397999615
104.492999999998	-0	0.0098559680397661
104.607199999998	-0	0.0399863373825629
104.721399999998	-0	0.150525922810482
104.835599999998	-0	0.3626269522563
104.949799999998	-0	0.183042556653103
105.063999999998	-0	0.115137356284517
105.178199999998	-0	0.029474018465006
105.292399999998	-0	-0.0191311851504166
105.406599999998	-0	-0.0202581284153263
105.520799999998	-0	0.0602171049060294
105.634999999998	-0	0.236756181045017
105.749199999998	-0	0.49407656038941
105.863399999998	-0	0.257515636290612
105.977599999998	-0	0.174669949455371
106.091799999998	-0	0.097181402760399
106.205999999998	-0	0.0518345842217548
106.320199999998	-0	0.0652728154892104
106.434399999998	-0	0.202903044528936
106.548599999998	-0	0.422567073120844
106.662799999998	-0	0.210114671409982
106.776999999998	-0	0.133387266842216
106.891199999998	-0	0.052026021657231
107.005399999998	-0	0.00437995086662131
107.119599999998	-0	0.0166935912050615
107.233799999998	-0	0.102755970831417
107.347999999998	-0	0.288420010862852
107.462199999998	-0	0.150480614276891
107.576399999998	-0	0.0861960022383717
107.690599999998	-0	0.00367729370086944
107.804799999998	-0	-0.0555422974147701
107.918999999998	-0	-0.0646945527620282
108.033199999998	-0	-0.000848960643223203
108.147399999998	-0	0.147698608472812
108.261599999998	-0	0.398244246811636
108.375799999997	-0	0.19075987416518
108.489999999997	-0	0.115585239008763
108.604199999997	-0	0.0342005069964447
108.718399999997	-0	-0.00664953807655863
108.832599999997	-0	0.018555229442205
108.946799999997	-0	0.121356185883957
109.060999999997	-0	0.327278118256616
109.175199999997	-0	0.160758774346612
109.289399999997	-0	0.0953948677484386
109.403599999997	-0	0.00981857780954736
109.517799999997	-0	-0.0402902208319462
109.631999999997	-0	-0.0480424914300686
109.746199999997	-0	0.033840469064566
109.860399999997	-0	0.2034122767585
109.974599999997	-0	0.46264988039417
110.088799999997	-0	0.231746600776396
110.202999999997	-0	0.140605032117269
110.317199999997	-0	0.0693641649757259
110.431399999997	-0	-0.000476718420097511
110.545599999997	-0	0.0354358401003252
110.659799999997	-0	0.158547076864381
110.773999999997	-0	0.38024413422497
110.888199999997	-0	0.186070282860264
111.002399999997	-0	0.110188373662093
111.116599999997	-0	0.0331092887386032
111.230799999997	-0	-0.0209343328030732
111.344999999997	-0	-0.0109225283908126
111.459199999997	-0	0.0659860713755199
111.573399999997	-0	0.25450852312761
111.687599999997	-0	0.142704200680402
111.801799999997	-0	0.0720401001867094
111.915999999997	-0	-0.0063168864048218
112.030199999997	-0	-0.0628766086121279
112.144399999997	-0	-0.0798242449541254
112.258599999997	-0	-0.0217028805608834
112.372799999997	-0	0.129432483745388
112.486999999997	-0	0.371666597428597
112.601199999997	-0	0.174083784662741
112.715399999997	-0	0.098854109749631
112.829599999997	-0	0.0212936967135244
112.943799999997	-0	-0.0231038828014249
113.057999999997	-0	0.00256942514404347
113.172199999997	-0	0.09811979602297
113.286399999997	-0	0.303799834573819
113.400599999997	-0	0.152241013790728
113.514799999997	-0	0.0864771898224371
113.628999999997	-0	0.00362473986568457
113.743199999997	-0	-0.0489109466941423
113.857399999997	-0	-0.0532557568514945
113.971599999997	-0	0.0191587355448768
114.085799999997	-0	0.181570531842673
114.2	-0	0.440864318394056
