"Time [ns]"	"SolidLoss [mW]"	"CoreLoss [mW]"	"p_cu [W]"	"P_out [W]"
0	0	0		0
114200	4.98384244614632E-09	1.05969042983067E-05	9.05459546521707E-20	7.47899063250442E-09
228400	6353.81609282421	8579.34119103243	10.5589808720959	0.220670816757644
342600	7495.49613277464	8642.68274480575	37.8723289698121	1.60833401115714
456800	8085.01961479931	8292.90377584092	80.6418664675544	5.08725164272797
571000	8450.72204728005	7852.25820802967	138.492009130188	11.4720582216804
685200	8631.23854321925	7371.32680509955	210.655258293795	21.478346405532
799400	8798.98290213903	6781.05320398621	297.129618157641	35.6946007485632
913600	8766.98688075159	6237.80736632714	396.165571783276	54.655049972394
1027800	8610.38090855491	5809.84239012601	507.470797970619	78.7638135761732
1142000	8411.25945901924	5472.3081033492	631.218962921256	108.355971716052
1256200	8217.51157386491	5131.16172301115	767.333259332152	143.701578794565
1370400	7993.95092015797	4868.97197756379	915.903755366574	185.048708988979
1484600	8358.18613182714	4799.19023618988	1085.58047307273	232.38109250348
1598800	8404.02605726486	4679.09558812087	1275.65482105677	285.661654667819
1713000	7812.94993654017	4514.83975079371	1489.37909472656	344.746663584398
1827200	7402.69703838151	4420.19416826223	1734.85941005637	409.448123417441
1941400	7262.50313962995	4262.65570923413	2020.82218820785	479.437954907141
2055600	7105.14473143503	4040.96726483439	2374.65630521872	555.509263462775
2169800	8130.76405221083	3661.48452132533	2860.07813455806	640.469017691794
2284000	10483.4671544565	3008.7007048452	3557.27965149265	732.560432070375
2398200	13848.8673406034	2532.42153276105	4410.79009677611	830.06129262709
2512400	14537.8519333686	1921.86356437124	5312.64860963028	931.870185119356
2626600	11615.9727240078	1197.22277415481	6246.68509126137	1035.71360672091
2740800	7759.89956280205	749.939125453596	7184.64240156412	1139.90878307961
2855000	5713.86876295796	616.229111676432	8008.38077548471	1243.41809165926
2969200	4697.97053769344	557.856326133716	8682.43106092725	1341.0528121685
3083400	4289.0644461971	530.245736431275	9261.5652946854	1438.31002689736
3197600	4289.24195010031	554.273983778998	9692.60385880276	1527.22364327484
3311800	4457.29291957563	610.496026140447	10019.1918027035	1610.76060512617
3426000	4740.40134599728	681.103461430581	10257.8998704952	1686.92890868247
3540200	5218.13811888445	783.33653517122	10418.2445691446	1750.62365318305
3654400	5301.43152510044	856.857972532924	10569.7863550494	1810.12325562754
3768600	5802.3366225766	986.332277177806	10660.6633004593	1855.04815921234
3882800	6182.83152630179	1128.44726090189	10718.449671313	1886.18999227103
3997000	6656.93744049725	1291.44313482089	10750.717372893	1899.21518731293
4111200	6845.82332867855	1418.28318933341	10789.0633514758	1903.69622073962
4225400	7241.70285198394	1602.41820234397	10807.0196156832	1889.52500953675
4339600	7686.9871149469	1765.31007150188	10825.3520220831	1857.82300674896
4453800	8186.47606684316	1936.32079172506	10846.5030011246	1808.25487710476
4568000	38378.8953636689	24468.0064586565	5612.13831862286	1688.49868242855
4682200	43889.3467848469	21232.6223596429	3037.3912089829	1598.0527008867
4796400	43422.2785875872	18173.7680573745	1771.90122314526	1531.10779424347
4910600	37375.6778567235	15384.0008177178	1214.45557333744	1498.92260905064
5024800	25528.5532544217	13309.8873117207	1018.50928331837	1505.84117804513
5139000	18965.7883604147	11426.9281254621	982.679853094973	1529.6182223899
5253200	14949.9296025411	10747.4668933324	1029.36371928841	1571.17379961028
5367400	13439.9236452862	10427.9973142687	1118.74059454189	1622.64766966268
5481600	11619.0728492479	10064.1088678418	1248.21199545986	1678.20299888951
5595800	10206.2265766821	9717.82671069622	1425.44544707336	1731.80721703477
5710000	9138.16209974618	9771.5414133852	1720.4726828637	1781.96354603069
5824200	10193.5267534123	9346.32997452545	2224.97201557688	1824.89031184693
5938400	17532.1688801532	9097.80461315215	3029.28799381314	1852.93048015575
6052600	21595.3309317746	7976.25782858632	4015.04347740774	1845.4835472559
6166800	34633.2614220158	24300.252697375	2204.32481493954	1698.14108730559
6281000	41371.5310590569	21529.5186939599	1292.28909346823	1571.85349644716
6395200	33758.7750570567	17567.692744635	853.263241856855	1485.56293604507
6509400	21026.0307207034	15038.2248971619	680.370604466839	1447.46741168664
6623600	14107.0620719653	13040.0978715237	628.951451665036	1434.4564140531
6737800	10426.7993659829	12288.2114705094	645.242328941727	1443.83086265439
6852000	8443.53061532471	11929.4385485784	696.461369866177	1458.03825587307
6966200	8056.57597263528	11418.3717486537	787.888430939675	1464.8084793483
7080400	8458.29732430355	11131.3405479862	919.139059917433	1456.8132783713
7194600	9092.67708515963	11005.1725633506	1095.16728199241	1433.44164685988
7308800	24899.2001592534	26874.269150543	656.573082050612	1307.20362854756
7423000	27286.9027778294	23978.4534257602	403.854373019346	1192.32991011892
7537200	19459.4106270002	19975.3701399087	279.77485239851	1100.30375627411
7651400	13224.8750035295	17705.0630652105	226.021940585879	1051.07583196673
7765600	9375.15955905003	17233.8931164274	207.516166589345	1044.35676908215
7879800	7030.12249177875	16788.0184859387	206.936291986528	1061.5042925737
7994000	5085.38880739649	16364.3852422098	220.479291902471	1094.42427349692
8108200	4170.27603778219	15779.5313021203	246.544756006805	1126.23412925345
8222400	4147.29323845445	15232.141329172	286.36101308149	1147.58099683495
8336600	4836.77264488448	14626.2019883774	348.730851726374	1146.31858333052
8450800	14973.7379209126	22122.771097607	201.823712280041	998.574181725204
8565000	11973.6044980638	20057.4647098746	133.804632410019	894.730514955549
8679200	8900.37773178402	19458.7587773764	103.549191650209	841.768489146647
8793400.00000001	6692.54576562087	19653.7871936562	95.0185208195085	837.979570590868
8907600.00000001	5950.05828577322	21751.2234051315	97.361522935447	874.840263072434
9021800.00000001	2503.78377650646	15354.6329301522	107.622394796994	902.024605964106
9136000.00000001	2183.36281598506	15848.7413086102	120.488727208956	923.509663756761
9250200.00000001	2198.49548935536	16532.1113528958	137.302577271711	941.235295287411
9364400.00000001	2783.44098548988	17458.5844477979	161.414703814722	952.322616327478
9478600.00000001	4630.00509400354	18394.1728920449	197.901308258405	954.158608499626
9592800.00000001	9264.89377231886	21194.4690979053	115.908235595005	820.282407233408
9707000.00000001	7640.78129730451	20852.5615493863	79.1662279559704	742.804139538068
9821200.00000001	5701.43831770742	21309.0849936059	65.8259472541955	720.771377873963
9935400.00000001	5457.58788020115	24220.9401017842	64.4824596164692	748.894070099057
10049600	1768.65413101623	17381.6411079289	70.5857042759742	769.113942165719
10163800	1564.76589613944	17804.1556395748	78.7624446483754	785.5233924022
10278000	1667.97427605043	18608.0604559031	89.8278678044699	799.780848496846
10392200	2081.87848256663	19527.0863069043	105.678484535283	808.194420569085
10506400	3317.90228767988	20671.4342498045	129.7760149305	807.031853507838
10620600	7578.21137067534	21136.7159915416	71.8370552646132	678.966721474544
10734800	6299.06412411536	21555.9851950725	47.1503080754257	613.032679102523
10849000	4514.31855128805	22305.7827166518	40.5815230578348	605.335063077419
10963200	2338.60503954416	21016.211091563	42.4188140305486	628.314684216715
11077400	1205.79932064479	19376.5550881211	46.3017464140599	640.949625385642
11191600	1167.08708709332	19937.9491472577	52.111745974442	655.513749727431
11305800	1378.10434175263	20811.1373991684	60.3873414301576	667.054550869558
11420000	1912.86107961875	21705.3761389515	72.9270220543544	675.204819095144
11534200	7000.1552920474	20841.909419383	34.6526014662253	541.138835900796
11648400	5746.09307059125	21516.2700820937	22.784087675034	476.878096570016
11762600	2082.94909781873	19492.8612416799	23.443811780287	482.258158418721
11876800	958.513413702576	19260.7186423375	25.3651210340989	500.632384828204
11991000	771.155909810751	19472.9106387505	27.4197496573044	514.38884397606
12105200	751.442156644455	19774.3214532013	30.4820867226514	525.423195065089
12219400	883.088001181862	20449.2513347647	35.1456590380668	538.594356497046
12333600	1235.70594964123	21374.1353598249	42.3653412002144	551.269854806058
12447800	1906.67668351378	22328.2434825045	54.0038710440428	560.783911769286
12562000	5655.8630930112	20560.2118577825	23.8721871918193	446.191513493128
12676200	6150.71783306025	23788.5346351663	15.5887031506532	400.903879915888
12790400	940.237873182998	18724.7308724016	16.8488487755319	417.139904668481
12904600	673.117185433033	19112.8165971764	18.1220988075944	429.501571155742
13018800	615.235467656957	19445.7367595709	19.8918505869303	439.063072881428
13133000	680.760256967475	19918.4703083595	22.78459369556	450.135144128758
13247200	920.598810406889	20801.8976190004	27.4714447419899	463.54735907262
13361400	1426.60164133505	21818.7946824021	35.2763723540252	476.428568636224
13475600	5414.58618467313	20462.4774055487	13.2826018288161	362.331023670236
13589800	3008.05256233968	19867.3258903447	10.3780402202116	331.140427772339
13704000	695.75896573205	18709.4571981764	11.175465728067	345.384350617182
13818200	533.331913648605	19031.2617871998	12.0382931970435	356.426132543131
13932400	498.518673739903	19174.0979701292	13.1308666667303	364.782972368119
14046600	555.369907649862	19617.6764362356	15.0492722074328	375.385157229878
14160800	721.917026041338	20424.0461908128	18.3275452889937	389.47052517663
14275000	1125.0614909213	21469.806153149	23.9667903021402	406.343806612706
14389200	5132.20302654964	20365.5557124101	7.70935370927687	291.023810450501
14503400	1453.70125513795	18389.7487327369	7.14566312182986	278.264071082811
14617600	533.680323062117	18794.8627596582	7.65252902259968	289.031109905323
14731800	434.577872204479	18864.9761959465	8.21121630569865	298.022848226053
14846000	427.788149321931	19062.0915409029	8.94430096519117	305.686866507155
14960200	476.556781361322	19506.8443173913	10.3175308073674	315.543039997348
15074400	618.933070498245	20341.7283554378	12.78645022232	331.109937368097
15188600	950.976027482827	21370.7996593864	17.2127376562118	351.096490060415
15302800	4949.46495891141	20305.5281266927	4.93015761151057	237.393833449448
15417000	771.595854437057	18191.9217162613	5.13707235800376	237.920703711684
15531200	443.363929509613	18750.6296405269	5.48490184480447	247.289216243334
15645400	379.433738422862	18754.5402564599	5.84124919729031	254.190042697258
15759600	381.036161562552	18952.2692929268	6.37027926667391	260.120544309523
15873800	435.687328626174	19441.0361569292	7.41239572957125	270.047422491713
15988000	561.001608496345	20239.5820884206	9.40867465765388	285.901450233357
16102200	851.646818184473	21273.0213155134	13.1530941706026	309.521942268757
16216400	4721.54097558082	20270.9742146313	3.54703828134142	197.420365981801
16330600	984.54207691387	20935.1086115606	5.57163175957483	226.00486147677
16444800	1053.01540903884	19347.768946616	4.09043005670264	215.468622596051
16559000	373.675312446388	18624.2472044114	4.33433880335484	220.516423592927
16673200	367.182426604118	18859.4497235468	4.72950660316201	225.976670045606
16787400	413.928484339641	19375.1203586992	5.58784815869212	233.271243514771
16901600	530.432063989477	20153.8874248232	7.30585180332751	253.038705227503
17015800	816.301224866222	21239.4661252683	10.6555533585729	278.285538458502
17130000	4516.04273881782	20325.5198731909	2.84812875524201	171.120498167948
17244200	1102.51917137518	21214.7217079889	4.48605814172111	201.157333894497
17358400	899.20417160679	19267.3807748535	3.19086592151457	191.342278466546
17472600	352.382729565181	18621.7170439935	3.34560616628515	194.73608969313
17586800	355.441964584402	18957.5359214934	3.67770178851419	199.064753330745
17701000	395.894967440747	19470.8306187142	4.43352404272143	210.479801489437
17815200	528.096945892682	20366.0434966193	6.00972134516983	228.799082853768
17929400	810.50657234761	21459.3691395918	9.22116505594959	257.18440492147
18043600	4280.18621725322	20422.7540960154	2.46228203342743	155.12681260019
18157800	1144.28876391682	21291.1869844904	3.78004362161757	180.526533155495
18272000	808.462336393949	19278.6409428665	2.58833332051299	173.369692097363
18386200	334.921516594062	18682.6663792594	2.6958326057666	174.85115936439
18500400	341.736054958635	19013.3521827171	2.98193137048318	179.732754765476
18614600	398.52385024139	19609.2775130607	3.70037930328476	191.60409984229
18728800	536.165863624773	20515.8459523427	5.25267906464186	211.589183324156
18843000	848.401393510554	21665.7895721652	8.4773310603309	242.584188493347
18957200	3999.23578306052	20491.3347507578	2.21691165924319	146.533024501232
19071400	1211.50926857769	21204.9343240213	3.54742453060263	168.474333899088
19185600	845.413637466239	19572.4614984634	2.20219390944605	160.710174515386
19299800	333.381094368039	18719.8736125635	2.28913739490391	161.374290433255
19414000	342.87376875694	19134.511450907	2.56351886657282	166.705343148193
19528200	407.722283480668	19810.4506837705	3.29806014173004	177.060694665015
19642400	557.357312686067	20784.2055680047	4.92259943990268	202.282470086621
19756600	918.995458146585	21967.6218937666	8.34353084803187	235.02766108924
19870799.9999999	3767.9586088249	20625.7828569178	2.08763129231054	147.502317983534
19984999.9999999	1361.94892776912	21331.252164361	3.78068357672314	158.377693952316
20099199.9999999	1014.53417301125	20219.669669107	1.99231634119032	152.582816143089
20213399.9999999	340.7320417124	18818.0686114103	2.05971387622858	153.715819273735
20327599.9999999	349.867438644049	19290.2747041003	2.35261082038221	158.106131195144
20441799.9999999	423.13830839658	20026.359002875	3.15989214448591	173.503213977385
20555999.9999999	605.850354479659	21159.9356624799	4.9633595064165	199.383923850534
20670199.9999999	2020.17424061933	17980.1713600486	1.32453627747272	122.744484185773
20784399.9999999	351.238334746256	18803.6816292495	1.3796914719915	127.734037049631
20898599.9999999	294.149711638937	18657.6968797217	1.34549885974268	125.895388984537
21012799.9999999	274.769428621067	18666.1868078714	1.31442752345602	124.688458908437
21126999.9999999	299.222896372092	18952.0203898401	1.3895903197179	125.900694380735
21241199.9999999	340.42052321928	19505.3094419657	1.70817676746751	133.518892224465
21355399.9999999	437.402940548424	20391.3588510579	2.53750535355816	152.46471693773
21469599.9999999	657.86828034857	21607.6378765954	4.47920991965637	184.146181203044
21583799.9999999	1806.13394543542	18092.1537521702	1.1375097031667	115.157260904586
21697999.9999999	322.169150770556	18746.1463458617	1.12943313462377	116.641247598569
21812199.9999999	280.48659663891	18654.4121284915	1.08054855314143	113.763306903765
21926399.9999999	271.57740925912	18719.7995042551	1.05147607992463	111.548120092448
22040599.9999999	302.684344623504	19046.2200831001	1.15069143075822	113.371413727125
22154799.9999999	351.47096720191	19698.7662998392	1.52023595235826	124.388331868859
22268999.9999999	470.93921650386	20723.0637524151	2.48350550070602	147.34603669478
22383199.9999999	753.589871022002	21904.3562064984	4.73558313259992	182.647949129307
22497399.9999999	1846.38854226799	18432.7684355304	1.11448486127116	114.866060426856
22611599.9999999	311.123454709342	18592.0172979224	1.05859631926757	113.601261430926
22725799.9999999	277.960157946493	18584.5807628846	0.987862942144378	109.468071717081
22839999.9999999	278.52304881581	18768.42757904	0.969872758933844	106.530063674117
22954199.9999999	311.613694220758	19223.9785364734	1.11275108176998	110.668471917664
23068399.9999999	380.442947195922	20022.4595729693	1.58573703588179	124.967431461966
23182599.9999999	526.536602551211	21152.8328929578	2.79697781334797	151.764810004046
23296799.9999999	1246.37294778654	17704.2424325	0.761487272854665	93.8282818545329
23410999.9999999	306.59565216603	18849.3547150384	0.763439067684938	95.7482035481948
23525199.9999999	266.932392303525	18646.18486342	0.698071371131046	91.9655782910366
23639399.9999999	259.008594843608	18642.6717558097	0.638228268860819	87.9283514593553
23753599.9999999	279.583268777379	18935.6974977731	0.652762052568482	86.1876188317755
23867799.9999999	319.778555678467	19506.770811514	0.831022879400505	94.4889417116686
23981999.9999999	406.069811061063	20391.7716203811	1.38919839468378	113.679986278522
24096199.9999999	604.717418689372	21606.6119264172	2.82954532403456	147.605861338738
24210399.9999999	1216.73219530388	17872.2010550521	0.689826983115011	90.4205851118184
24324599.9999999	290.789155527572	18681.7239349613	0.649555485719287	89.1262230700991
24438799.9999999	264.163428415587	18609.0818074473	0.574295323806214	83.5690572163354
24552999.9999999	261.24390588766	18711.020593478	0.523802497510693	79.2644029609902
24667199.9999999	288.426446584992	19097.26348075	0.574824205767384	80.5369547897177
24781399.9999999	341.906383689777	19838.3979644086	0.826176516854865	92.2291628837784
24895599.9999999	448.936112351663	20858.8029955803	1.5621308606219	116.486313861405
25009799.9999999	732.449401622137	22078.8350965905	3.43290668903256	155.078854642805
25123999.9999999	1388.13242192462	18245.8888011644	0.763901826016289	95.8956784251601
25238199.9999999	287.712787002314	18616.4204223253	0.680231251558376	91.6098137058027
25352399.9999999	261.741689614027	18606.9770066247	0.591961711495786	85.4330969846804
25466599.9999999	269.016400664324	18806.1135569751	0.559159849324737	80.6588594901434
25580799.9999999	303.771533751365	19297.0490544231	0.654583903211818	85.1688499773612
25694999.9999999	373.298311591862	20124.0264235646	1.03313473115912	100.334567135514
25809199.9999999	525.704459500458	21305.9262136801	2.09438703338628	130.892916567464
25923399.9999999	978.364335783044	17780.9061577405	0.53432842291147	79.2517048052276
26037599.9999999	284.079016328922	18775.9917329294	0.497386130177694	77.0732686025307
26151799.9999999	257.488543156069	18647.3438049697	0.417218278198703	71.434376271548
26265999.9999999	253.290014052643	18693.0110308765	0.352287816959378	65.4629742110868
26380199.9999999	275.792730489975	19023.1785140497	0.358317246416779	64.374682058363
26494399.9999999	320.687215126057	19681.2606953823	0.504864092406821	73.4567462173874
26608599.9999999	407.783542709589	20633.9410542432	0.999055026108942	94.2523484326394
26722799.9999998	628.223428421509	21842.227154562	2.3530773567636	132.280579848777
26836999.9999998	1035.71015855051	17984.7080543614	0.527014425378354	79.4966911837058
26951199.9999998	274.530158756096	18682.3557618127	0.453116735475708	74.8749130549329
27065399.9999998	255.919831163744	18657.3515222832	0.368612527164814	67.2408862412767
27179599.9999998	256.69695665782	18781.8746710282	0.320393853271265	62.0816813234154
27293799.9999998	289.46784874984	19212.6289642929	0.364188258657719	64.0898354300592
27407999.9999998	347.873044825953	20013.7069782747	0.596853525676111	77.362197652201
27522199.9999998	471.142797531188	21139.3156490052	1.33391813345203	106.740573302767
27636399.9999998	808.039956494665	22373.5734495116	3.28660601962937	147.828578994749
27750599.9999998	1308.11118025158	18436.3795374009	0.679116448017773	92.3717174907185
27864799.9999998	280.985003500697	18575.0242706713	0.564933793669318	83.6147468529278
27978999.9999998	258.615415688357	18636.9559307895	0.463924810173121	75.682191220548
28093199.9999998	271.810443206349	18931.4141183868	0.432298617795126	71.2542175985374
28207399.9999998	311.304059155403	19557.9519170749	0.540914666111172	76.5531716139425
28321599.9999998	392.372722163631	20492.1733568145	0.968273624116409	95.1805735397501
28435799.9999998	572.646282023897	21680.0602850972	2.14486719933791	129.060176321558
28549999.9999998	977.454294921223	17950.8806950407	0.480192350434834	76.3290136794318
28664199.9999998	273.44584050141	18751.9308358279	0.402118241847078	70.5545731222882
28778399.9999998	253.265988119424	18693.1969651993	0.308323302990394	61.9805259706679
28892599.9999998	252.145750365154	18790.2590425722	0.247600236666792	55.6665681144376
29006799.9999998	280.256212929237	19216.5984077601	0.262744048290579	55.051543836985
29120999.9999998	334.548409270704	19983.3246244809	0.426854775663646	66.3357179502624
29235199.9999998	439.490339955503	21070.4056987186	0.99718975471037	93.0357476254548
29349399.9999998	737.651211729517	22353.8118920947	2.60069688426307	133.662473421139
29463599.9999998	1089.40846128477	18248.4105852447	0.522030565701034	78.8490883945023
29577799.9999998	270.715318533252	18645.3489194176	0.411752889681702	71.6181416008772
29691999.9999998	252.477299436745	18682.9345367057	0.313893707713009	62.7259600685919
29806199.9999998	265.080230950457	18964.0580284942	0.273207657762226	56.1564359993481
29920399.9999998	300.516731995782	19553.6719741529	0.337329038018078	61.2534220282883
30034599.9999998	372.771064035538	20464.5555887482	0.640752551167988	77.7479335962423
30148799.9999998	539.362899720521	21713.0661271307	1.58137598849145	112.413095147272
30262999.9999998	784.656957246509	17941.0974008479	0.353075625443348	65.3556211392303
30377199.9999998	266.845106095855	18772.9882637478	0.283204742129866	59.6272712769282
30491399.9999998	247.621534550904	18678.0428785876	0.198195615596667	49.5558947542373
30605599.9999998	249.008274900622	18772.0034262368	0.141486557411805	41.2995989920477
30719799.9999998	274.133881829451	19192.1115665184	0.143648726864257	40.5469613784904
30833999.9999998	324.170167499048	19964.0465168033	0.254608110083513	51.6542312845362
30948199.9999998	424.666766224275	21045.3613123136	0.696632705337652	78.6284470972557
31062399.9999998	685.088950548644	22274.6473508157	2.01542868015993	119.035767433706
31176599.9999998	901.829779922498	18163.766952953	0.392779811877697	69.713235789257
31290799.9999998	262.236187954528	18690.4939945145	0.292029582641601	60.5755456619545
31404999.9999998	247.992959980681	18724.36307062	0.203532554200629	50.6254950364561
31519199.9999998	261.306112262886	18984.747389025	0.164640639822023	45.0160751649835
31633399.9999998	291.568342816058	19485.8506949789	0.205370145784536	47.9593548321247
31747599.9999998	360.877180534568	20422.7099030562	0.433815291605225	64.7756088065097
31861799.9999998	515.353873523041	21666.5251650546	1.20990469447858	98.491862104405
31975999.9999998	657.505677326899	17994.6674348839	0.267890216624439	56.8485381942433
32090199.9999998	260.908019657925	18773.0578267935	0.201104955938783	49.9282099877033
32204399.9999998	244.661379113707	18683.1688137458	0.127046713912197	39.4935447567827
32318599.9999998	246.662351950384	18792.0923583149	0.0797481803337457	31.5203936593784
32432799.9999998	270.301408215074	19218.1643734119	0.0762393337485816	29.4395835396641
32546999.9999998	318.928704880122	19979.4256426418	0.154854065781701	40.3766061432283
32661199.9999998	414.404261880718	21073.4814780081	0.506876621104037	66.7614420379127
32775399.9999998	667.848325279779	22322.8984352203	1.66715951889728	108.538488289212
32889599.9999998	783.303829990891	18123.700423923	0.314970033810961	62.2798842419796
33003799.9999998	255.126634351029	18678.3416765088	0.219431981906128	51.9859048746145
33117999.9999998	245.202615880807	18722.4882961691	0.140283218967229	41.6402365095529
33232199.9999998	259.192331483571	18997.1823695822	0.102437661998916	34.7909649402045
33346399.9999998	290.520896358724	19562.0266064463	0.134585871630814	38.7100503499245
33460599.9999998	356.121596253076	20502.6699874993	0.323092554939384	56.3343920461701
33574799.9999998	510.261893798232	21776.1679837919	1.01541364416188	90.6454817603965
33688999.9999998	593.751992939538	18075.9516440483	0.224074393292471	52.3488878366846
33803199.9999998	259.619184328229	18859.7540530973	0.158828420941498	44.6497147641902
33917399.9999998	242.707067067885	18709.9015537126	0.0915367788066845	33.3230297788949
34031599.9999998	245.857962575489	18800.1167954867	0.0499617273054173	24.7132348984879
34145799.9999998	271.419424285466	19256.8534412889	0.0469544988448239	22.2989417496516
34260000	311.365726167903	19960.0481871447	0.107484464029178	33.1075968983453
34374200.0000002	408.994746456547	21080.7587991982	0.413486933631502	60.812995538525
34488400.0000002	661.772455292569	22339.7542662873	1.49213267987173	102.713910754551
34602600.0000002	721.870431821519	18121.8844057568	0.271351601270394	57.8889525244461
34716800.0000002	253.351352803267	18670.979097034	0.177390008103274	47.0140126481726
34831000.0000002	242.988205845976	18701.240174563	0.105636968285564	36.7210431062731
34945200.0000002	257.802610344286	18981.2407223496	0.0714592333531756	29.5330730253446
35059400.0000002	289.994094958079	19549.2133662984	0.0970772762447192	31.7273315572121
35173600.0000002	353.853771740356	20472.3643921598	0.262781649250595	50.6289870725172
35287800.0000002	509.25366551432	21728.6218930175	0.902194369836763	85.0325437021975
35402000.0000002	548.571727829942	18084.5897803994	0.189561556699138	47.7130408125218
35516200.0000002	257.840693592577	18817.1386964396	0.126701551356935	39.5590997692362
35630400.0000002	240.00537058993	18698.2298351242	0.0648718544109411	28.1856889688254
35744600.0000002	244.750371834527	18800.4419245532	0.0301102381192817	19.1654557302614
35858800.0000002	269.54283163137	19266.2525404217	0.0259143926766937	17.1293007966878
35973000.0000002	314.158210311378	20029.4284891336	0.0774460822314255	28.4762259560126
36087200.0000002	412.042738415308	21165.6017457658	0.360853801945719	56.9736196478189
36201400.0000002	675.939581802497	22456.9871912886	1.41820773534196	99.4330475463571
36315600.0000002	699.741797566169	18151.515911502	0.253235791425435	55.6201666445137
36429800.0000002	252.130522661586	18721.8193081375	0.159286337866262	44.9390701501198
36544000.0000002	241.647558401681	18726.0200869806	0.0890577786562913	33.4232943225612
36658200.0000002	258.594978465248	19002.1449235371	0.057508499291243	25.862809297913
36772400.0000002	291.299097950357	19590.1899766911	0.08112615329254	30.1191564735556
36886600.0000002	353.730872973532	20500.9823841204	0.242737694038925	48.2851254817299
37000800.0000002	515.188785484308	21770.3536382019	0.878712499088027	83.9942391909632
37115000.0000002	536.840734936387	18092.0969391705	0.176413781858644	46.0654493207361
37229200.0000002	255.813810963576	18790.257018601	0.112065682278715	37.780305292738
37343400.0000002	241.490931361415	18706.6815612847	0.0517854748812503	25.3402585256266
37457600.0000002	245.29891947526	18817.4409448588	0.0213872612641212	15.982405008221
37571800.0000002	270.13757967751	19305.9273388384	0.0186346868704406	14.9649992013417
37686000.0000002	317.33884872751	20093.6927507146	0.0666898787872099	24.0944310831238
37800200.0000002	412.427566609571	21214.0733317781	0.345114397380379	55.1241047797369
37914400.0000002	685.784456467101	22521.9429739413	1.40492079995578	98.6586315964584
38028600.0000002	686.280047829627	18165.920954408	0.240922440092486	54.5515188928048
38142800.0000002	251.961488362681	18699.9932945694	0.145371607854156	42.7549257376394
38257000.0000002	241.398529154477	18742.3744535052	0.0769977269797688	30.0876902510981
38371200.0000002	256.388257168169	19022.7280995596	0.0479726235472927	23.9494185039928
38485400.0000002	292.72821362923	19686.9752383755	0.0714214822259188	28.3960426110683
38599600.0000002	358.295264295156	20638.0754827565	0.235769358106216	47.5149198484053
38713800.0000002	529.86188824927	21947.9540106435	0.893413959910671	84.0165875725951
38828000.0000002	538.3998688876	18155.5124792968	0.169738948596284	45.737660718521
38942200.0000002	252.232701867236	18836.2181030012	0.102026973009444	35.4943924441323
39056400.0000002	240.505844819597	18746.6589841507	0.0434655348206546	22.8531724698405
39170600.0000002	245.634871383667	18871.4686942954	0.015885182129865	13.7920569673996
39284800.0000003	271.573743868381	19367.0698755579	0.0143584762535239	12.8657987450188
39399000.0000003	321.688278782007	20186.8538578359	0.0616059590760982	25.3755614406156
39513200.0000003	423.520484958288	21350.1764375394	0.354032178772039	55.3489263682533
39627400.0000003	716.982002006701	22656.496307289	1.47990961663034	100.652219847607
39741600.0000003	701.192903798899	18217.2784298816	0.24557425882517	54.9079517963418
39855800.0000003	251.181215296084	18687.2109732912	0.146143344606206	42.9552139925887
39970000.0000003	243.290772609847	18758.6721475525	0.0755727953700161	30.8707662923101
40084200.0000003	258.186970771649	19084.7685723117	0.0479151313743561	23.416998626768
40198400.0000003	296.521523045187	19751.7737993286	0.0750023339115329	28.5836692934552
40312600.0000003	366.225505582055	20751.2446871223	0.256489074829943	48.3128790716421
40426800.0000003	548.810373198409	22002.3856944553	0.972630238363776	86.9121265612136
40541000.0000003	564.482746559708	18140.0266242756	0.176534385575028	46.5929998499832
40655200.0000003	248.512682634682	18786.4229157197	0.1021662046887	36.0281434610889
40769400.0000003	240.648993176791	18748.0801820724	0.0420284149530842	23.1054493365418
40883600.0000003	247.917184890213	18926.8795027285	0.0142010371770093	12.7492503863077
40997800.0000003	274.110135986035	19421.4315497431	0.0149436412617053	12.9025360262734
41112000.0000003	326.780338266344	20298.6175077411	0.0698491239752191	26.7954706615219
41226200.0000003	439.086195415108	21504.6091712786	0.396095997137681	58.315762651267
41340400.0000003	388.950290230409	18470.9437534008	0.0945142300107287	33.521296221641
41454600.0000003	257.292557818334	18960.0341665139	0.052717496160558	25.3813945381761
41568800.0000003	237.371978026586	18747.8439872662	0.0140221096945879	12.9108993796113
41683000.0000003	241.529700042233	18809.695608699	0.000391551862264129	2.07940626094942
41797200.0000003	265.087632889869	19294.836438721	2.29363833533975E-06	-1.37727770407133
41911400.0000003	302.263843769714	19933.1866470892	0.00787397872799263	9.05276944502998
42025600.0000003	371.658453161287	20874.8792630719	0.120186705233936	33.8115667051439
42139800.0000003	568.575513781692	22150.2245976203	0.73383759695065	74.0150472223827
42254000.0000003	478.269964710253	18198.3475373477	0.121397980423472	38.5672362958842
42368200.0000003	246.434323242371	18745.6943581673	0.059135983878309	27.4440503320211
42482400.0000003	237.075343401681	18729.3831637965	0.0170660283442733	14.3673800456226
42596600.0000003	250.134996299518	18960.3414924695	0.00273437553219605	5.39749549359329
42710800.0000003	281.956877164751	19591.3918231164	0.00679526201311768	7.03728654436501
42825000.0000003	330.340619499012	20378.2202703242	0.0585524698605009	24.11062243783
42939200.0000003	456.535803257696	21635.1629495436	0.396939573374505	57.8971067956591
43053400.0000003	382.959848243848	18419.6094943161	0.0862794123433654	32.1072171029502
43167600.0000003	254.59769063186	18895.7079007325	0.0439896946896881	23.5955235193997
43281800.0000003	235.268115926841	18736.4539123535	0.00942966554483911	11.430460234201
43396000.0000003	241.239316147483	18767.9771994344	4.29457906374783E-06	-0.471354846776292
43510200.0000003	267.883517340185	19351.7343048058	0.000245470904380064	-1.83200606390785
43624400.0000003	308.691918598146	20076.5951082879	0.00820025743323556	8.90109249819321
43738600.0000003	384.816730843094	21066.3500256141	0.139309148693436	35.4008117355611
43852800.0000003	603.869872169497	22370.2312247198	0.833968497565828	78.5598612067626
43967000.0000003	505.54121202488	18233.5414365348	0.133504831904653	40.2819674664945
44081200.0000003	247.085153714581	18803.5001350005	0.0659565051616681	28.6063474348384
44195400.0000003	237.3227263199	18772.423625405	0.0210310195238403	15.3749583813293
44309600.0000003	251.565217157812	19040.2926823392	0.00493499308641461	7.67612112658863
44423800.0000003	273.150508702038	19419.0342891844	0.00374748176379311	6.35416166944423
44538000.0000003	336.033113540671	20541.9326937687	0.0598995918277649	24.3509912305936
44652200.0000003	477.426516179451	21850.06460438	0.435949146149649	59.6748514861347
44766400.0000003	389.941932170794	18380.2633887257	0.0861924875153617	31.3286741032499
44880600.0000003	249.882571650602	18888.3489235575	0.0415337473252772	22.6557496813542
44994800.0000003	239.332464866654	18744.1593413786	0.00807892696828089	9.21129952378357
45109000.0000003	247.255153440076	18951.5713429613	0.000211471414889314	0.904443101449274
45223200.0000003	270.59258504367	19415.1745098206	7.30300007042386E-05	0.870967957399085
45337400.0000003	274.02057339554	19391.5488429566	1.0876969710557E-05	-3.04749057290949
45451600.0000003	388.489457311851	21199.6378455817	0.0958038333300855	29.2355883578733
45565800.0000004	630.827189962689	22515.7241669235	0.778649894072017	74.4232902966785
45680000.0000004	482.370308706331	18246.2792724697	0.118042529441336	38.5202582064537
45794200.0000004	245.03504827795	18771.2406013024	0.0532339965191935	25.8216821947914
45908400.0000004	239.121469317643	18786.688709462	0.0143727990512704	13.0343443717008
46022600.0000004	253.53542422602	19044.9483858778	0.00288355968456813	5.6784792579655
46136800.0000004	265.6986766629	19227.6472974108	0.000310015247344174	1.39009693457251
46251000.0000004	343.387925429924	20667.6372003881	0.0510918477123342	21.5607784452717
46365200.0000004	495.492592686553	21930.7387762637	0.445144069315444	59.5489726747745
46479400.0000004	394.420035569588	18381.9107468698	0.080183759464709	31.5960358840322
46593600.0000004	247.432838169391	18848.0288567004	0.0356672306309951	20.7621424165244
46707800.0000004	239.267047948674	18785.6880234047	0.00548285080311016	8.15316676613398
46822000.0000004	249.891675911245	19027.3924925509	2.51615195267254E-05	0.939672504768128
46936200.0000004	272.616254646349	19468.068955508	0.000135027472057309	1.354818688902
47050400.0000004	313.619532236161	20153.189163097	0.0154216357817788	12.2342625073455
47164600.0000004	410.038997950159	21342.6070825048	0.209456638251578	42.2663788623966
47278800.0000004	686.23980415915	22681.0591179063	1.13340328205692	88.2339546047526
47393000.0000004	592.704231708686	18251.7737445042	0.175123836271522	46.1233317253836
47507200.0000004	245.99789724911	18759.5821513533	0.0902330052859403	33.7739850497634
47621400.0000004	240.265593552385	18797.2094587156	0.0356848699360156	21.5105515355131
47735600.0000004	256.028498199634	19101.9243350852	0.0161826224110781	12.9420807497385
47849800.0000004	290.674817609116	19748.676147439	0.0302503615695133	18.4555027972086
47964000.0000004	359.828267721764	20763.6755272847	0.158655399802501	39.0327441785529
48078200.0000004	534.263095329663	22065.8434938401	0.753809842600319	76.6991541563896
48192400.0000004	490.370733318405	18205.0552722846	0.129521057061114	39.8840304789931
48306600.0000004	246.664826986724	18781.3106952163	0.0657065302343442	30.0736880726756
48420800.0000004	237.622258586663	18766.0903468966	0.0190101437092931	15.0752672913451
48535000.0000004	247.816311072469	18945.1614602475	0.00236947913607146	5.02364909303057
48649200.0000004	276.200331262004	19556.1250022599	0.00410091065401136	6.38422552147287
48763400.0000004	322.839940819126	20316.7204490359	0.0395234990831169	19.8914149337703
48877600.0000004	433.634574123517	21547.8233432728	0.310633773382415	51.9961750167639
48991800.0000004	358.551588869745	18601.4903830412	0.0729558497362393	29.1677731264729
49106000.0000004	256.018628898382	19021.9484321326	0.0355383726216033	21.168207551896
49220200.0000004	237.060915651237	18802.8542753175	0.0054516817982762	8.00244118696131
49334400.0000004	244.529709973637	18963.5516245508	8.89362731664716E-05	-1.2700526234326
49448600.0000004	265.315519183741	19361.3561862755	0.00141504186390691	-4.3340206532342
49562800.0000004	302.473239652633	20046.5754103855	0.00271155724898479	5.13904664283762
49677000.0000004	370.994013174709	20984.8875965292	0.0958337309173424	29.5709391495554
49791200.0000004	569.432183431765	22324.4468253522	0.671651771345973	69.6809415783221
49905400.0000004	459.57262993106	18242.2901131619	0.109302199905929	36.3538704340352
50019600.0000004	245.701001124782	18787.7563329422	0.049501806049151	25.0987384889937
50133800.0000004	235.762157780796	18750.5778950739	0.0109263465232458	11.3899357620905
50248000.0000004	244.96510790523	18839.679387476	6.19636947720062E-06	-0.26007649367043
50362200.0000004	282.714798512617	19662.587143729	0.000934874121461132	2.77830776515238
50476400.0000004	327.778692612133	20419.7732733738	0.0362266398820831	18.9210651119251
50590600.0000004	455.565793377263	21691.5965141076	0.336629898359192	53.2477918490764
50704800.0000004	363.134621534793	18502.377305008	0.0711912709584395	29.1581863037916
50819000.0000004	252.023465535921	18936.2122888532	0.0313890144285307	19.4967877599896
50933200.0000004	239.06307991811	18778.208857251	0.00364548347564749	5.99845216556879
51047400.0000004	245.714495402578	18943.0285235212	0.000291181428413377	-2.37650549597605
51161600.0000004	267.824445151817	19359.5799318542	0.00111972698630783	-3.49704051649781
51275800.0000004	310.470618213072	20112.6871031147	0.00581669639725233	7.53350516423021
51390000.0000004	380.333313222233	21013.2193019138	0.128131491054606	34.0960600134516
51504200.0000004	605.628959746699	22363.1432998693	0.80610848920503	76.9641090952828
51618400.0000004	495.152401765692	18200.2870022497	0.125073750228929	39.1695420381736
51732600.0000004	245.434312037806	18758.3954654999	0.0573275491930629	26.7980596895915
51846800.0000004	237.913167113485	18767.1941807236	0.0149724435866948	13.2246500415327
51961000.0000005	250.534013410005	19012.06045983	0.00216559251767133	4.87249753759809
52075200.0000005	288.575127013795	19699.2254260946	0.00796044713908572	9.15546680923432
52189400.0000005	338.422575002434	20532.3054476928	0.0740288216684305	26.361435273902
52303600.0000005	480.502654028673	21811.7858759695	0.475071035075972	62.3260484257035
52417800.0000005	405.750193132427	18343.4328378289	0.0892611218811614	32.6776825692817
52532000.0000005	248.396685136663	18844.5534594854	0.0408390866519737	22.1735733317088
52646200.0000005	238.949053771703	18746.0753270944	0.00693109380359069	9.24462060508103
52760400.0000005	246.062586031148	18965.6539554028	6.43800744272297E-05	2.11663153631717
52874600.0000005	269.654107849276	19403.4267573412	1.91715167426902E-06	-0.110468252874138
52988800.0000005	314.638953622851	20146.760535266	0.0129075918106286	11.5835455512938
53103000.0000005	399.722589065746	21209.8855942917	0.182959471283023	40.2863777798206
53217200.0000005	656.334299878529	22549.3343303745	1.01699838122057	84.4215591324656
53331400.0000005	556.302028029525	18187.4620859906	0.154815994407636	44.239881800148
53445600.0000005	244.296744898893	18717.5987806954	0.0746501081537817	30.5763257528335
53559800.0000005	239.343692647959	18763.9394851247	0.0245069086171654	17.7434988178526
53674000.0000005	255.221664000168	19071.5424331174	0.00792801306114706	9.34131549775496
53788200.0000005	286.95414312478	19705.9960099144	0.01574389847241	13.3000739215287
53902400.0000005	351.98542726426	20705.3281593208	0.111223847728799	32.8466677403076
54016600.0000005	513.488222723739	21993.6004014466	0.617780935887398	70.2563070847759
54130800.0000005	446.638118419369	18273.6371088296	0.105261140635248	35.8813066197993
54245000.0000005	246.597221452979	18822.1262575608	0.0491355908944289	22.7044209635817
54359200.0000005	236.441232533193	18757.3822729674	0.00998764751601114	10.7247967657107
54473400.0000005	249.463694743403	18995.7130500566	0.000448831601829185	1.96634584101332
54587600.0000005	274.363273712261	19513.2693453948	0.000844661590040018	2.69887379180758
54701800.0000005	318.045751141027	20229.0749770348	0.0229843383681519	15.2638875797875
54816000.0000005	422.446866826742	21416.6699214983	0.246514657149508	45.2142479417444
54930200.0000005	708.788591840848	22739.0010481291	1.25428931058729	91.9277999627805
55044400.0000005	632.112256086113	18248.7727193973	0.191246469341677	49.366958829803
55158600.0000005	245.086843645352	18712.7765831614	0.0969872274885537	35.6794397721424
55272800.0000005	241.084835231652	18790.9063167442	0.0378769968715979	21.7955582042301
55387000.0000005	259.601349374136	19159.3554949162	0.017516918875041	14.5688095034281
55501200.0000005	292.989143667375	19829.6049510042	0.0346054786058381	19.4653166705979
55615400.0000005	367.003056199181	20884.1552175213	0.178755916743308	40.8708648193421
55729600.0000005	554.622301412737	22193.625442906	0.83048764982974	80.5912388695896
55843800.0000005	514.282755279328	18214.1369111687	0.136679863752422	40.9918113234303
55958000.0000005	247.89522176199	18819.7526377979	0.0656264807005681	28.8666351204026
56072200.0000005	236.897077760684	18782.9070761384	0.0177310288366569	14.1491502327855
56186400.0000005	248.323834869149	19003.2730572983	0.00179214608638516	4.64281047648017
56300600.0000005	280.842723416219	19662.9571144627	0.00395387489918612	5.44857689003113
56414800.0000005	325.516457997438	20407.1052572047	0.0445094187594459	21.2767296054869
56529000.0000005	445.452049733524	21683.6116653276	0.341794995908821	53.8314328554165
56643200.0000005	364.881128308874	18537.3542272616	0.0711690202497487	28.9842819652483
56757400.0000005	252.472937097845	18985.3602401183	0.0301163329622956	19.1332576632442
56871600.0000005	238.269620198737	18819.2246744767	0.00266539230595874	4.99023733402311
56985800.0000005	244.750077430699	18994.9330955032	0.00105805110928385	-4.08110479886188
57100000	266.101392710901	19397.6817841182	0.00317032963879822	-6.12191632887169
57214199.9999995	309.828333508976	20138.5059843429	0.00231740785233502	5.45899881177437
57328399.9999995	373.15218844837	21064.0071455707	0.100917313037038	30.3604613189314
57442599.9999995	592.498027648373	22401.7698854237	0.719185119577779	73.0496024160343
57556799.9999995	466.628051276074	18231.2493059291	0.106743763856281	36.3607966530732
57670999.9999995	244.601578891193	18766.3588204439	0.0430965804218938	23.1849974382335
57785199.9999995	237.272749184907	18764.6690135014	0.0076764419253375	10.0376291076774
57899399.9999995	253.876156429546	19125.2603788162	0.000622813360019872	2.43548942068726
58013599.9999995	288.101077754097	19727.9292546404	0.00399779780838783	6.66190896914666
58127799.9999995	334.694347653876	20521.8701591514	0.0568772122209253	22.6664342797232
58241999.9999995	476.352718909442	21803.8696957645	0.423131620552843	58.899274386575
58356199.9999995	388.783796738782	18380.1963250972	0.0764028109174581	30.9961552152452
58470399.9999995	247.23026724322	18835.9104723783	0.0308789107476674	19.2578822196864
58584599.9999995	238.099997723235	18743.027479282	0.0028013822948125	5.8079047591996
58698799.9999995	247.650296084756	18969.2270959363	0.000630575225173056	-3.27738574574136
58812999.9999995	268.026264508647	19397.8333605698	0.00131267287801067	-4.07265518740889
58927199.9999995	316.714382998792	20215.2466405158	0.00692687977466656	8.27212189229376
59041399.9999995	396.289874538669	21229.6952996763	0.153977665244412	36.8074174471094
59155599.9999995	652.362359257181	22556.7422913159	0.944597623096608	81.4694472224693
59269799.9999995	530.880365647021	18225.4281075736	0.13725751523628	41.1310441281681
59383999.9999995	244.180699214849	18740.8050049642	0.0610151243873745	27.5561810341502
59498199.9999995	238.091099813957	18776.336200889	0.0161684753820614	14.3861185733195
59612399.9999995	253.604323265722	19089.001511176	0.00300171378644248	5.18809455393745
59726599.9999995	261.9717095863	19183.3991887239	9.57329778419222E-06	-0.379408259045731
59840799.9999995	345.644567600915	20737.7055889372	0.0425604624089189	20.168267374629
59954999.9999995	507.836461567871	22053.9345198803	0.437365677337889	58.7522039201228
60069199.9999995	387.642616226169	18374.0253708167	0.0690857235934067	29.063895844595
60183399.9999995	243.680263730129	18803.5900418253	0.0244109073984775	18.1132946222781
60297599.9999995	236.799750248073	18764.5568805097	0.00114736392039709	3.22505514761463
60411799.9999995	251.705958171823	19057.0158213032	0.00168315920280386	-5.0128172341944
60525999.9999995	273.43541100824	19539.8006238239	0.00107997744943498	-4.55443104215818
60640199.9999995	324.797138892688	20390.3437485819	0.012238849423672	10.9905173609415
60754399.9999995	422.041417896643	21485.4297961823	0.208003410995629	41.8298127491562
60868599.9999995	715.140521190617	22802.1186935822	1.18193158667818	89.0738574061322
60982799.9999995	605.970862391041	18277.7837452833	0.173073288254574	47.1323537239057
61096999.9999995	243.374652263361	18744.2949691268	0.0825664486970735	32.8171429826315
61211199.9999995	239.84668756014	18805.1091838289	0.0285466471290364	18.921219146987
61325399.9999995	258.943369407304	19196.4719932388	0.0111011116040375	11.0046202582025
61439599.9999995	293.726337883484	19880.6712173168	0.0256026114984647	16.5563462004203
61553799.9999995	367.90934242441	20955.6254369658	0.161201069423566	38.7700767877763
61667999.9999995	564.604784351487	22289.0448079663	0.807704173295755	79.3297205568273
61782199.9999995	505.88404454363	18230.1469216097	0.127757486428738	39.5273565603509
61896399.9999995	246.876376602254	18823.7280114241	0.0580485852865796	27.0715452289895
62010599.9999995	235.88846803612	18800.4367023656	0.0131820416922253	12.1327399764247
62124799.9999995	243.776934756329	18877.7652718914	3.95670523824747E-06	-0.284833541706091
62238999.9999996	281.770721979149	19697.1637217348	0.000514960878156306	1.82263031373304
62353199.9999996	325.804090863643	20459.3314316306	0.0304894728788541	17.2373251724139
62467399.9999996	450.1287367636	21746.5343720792	0.309460098757506	50.9368950338989
62581599.9999996	352.975422791795	18577.6292377618	0.0609794984723647	26.61386195459
62695799.9999996	250.653732171728	18983.4947084187	0.0222201927880103	16.4250402993152
62809999.9999995	238.403158488918	18827.4639441015	0.00060196725392837	1.8903728636414
62924199.9999995	245.016253670437	19004.2447288498	0.00359714005237974	-7.45033556263943
63038399.9999995	266.154630476677	19438.825888081	0.00676112670806817	-9.02473891935174
63152599.9999995	309.411660249454	20210.5137371447	0.00054690330351798	-1.49487807855638
63266799.9999995	378.805314254984	21130.5947279966	0.0929857228149521	28.8940482722117
63380999.9999995	602.836665983469	22486.75455789	0.71411028221684	72.2849847750115
63495199.9999995	463.726264859801	18238.8688032858	0.102060856023868	35.7694815382637
63609399.9999995	243.605531268725	18765.0477760382	0.0390328472470022	22.0630135206369
63723599.9999995	236.927473814298	18789.6893556466	0.0054902451289035	7.66711028327938
63837799.9999995	255.875473497517	19172.4965397179	0.000177999385870443	1.1388490301819
63951999.9999995	289.541377448775	19789.6664211889	0.00317722839123903	5.57354837934734
64066199.9999995	338.858402520849	20632.0144047468	0.0577897103778156	23.2732094369197
64180399.9999995	483.270446920345	21917.3502005586	0.436945913152821	59.5476265688546
64294599.9999995	391.760034271151	18405.1414851538	0.075000175598246	30.5110226608615
64408799.9999995	245.925837879575	18872.6600647292	0.0283569698812424	18.6780116591621
64522999.9999995	238.448499033298	18780.8516006184	0.00185800447126851	4.62557078415254
64637199.9999995	247.555380759117	19009.2463603491	0.00126912852963531	-3.42428694114838
64751399.9999995	268.732654938076	19473.4062971573	0.00187796082070503	-4.73239614286293
64865599.9999995	319.150905977524	20292.6836194277	0.0067021323230889	8.07552999338631
64979799.9999994	403.076416861362	21312.2187928825	0.161945859654688	37.3294859429746
65093999.9999994	670.570202985159	22666.6934455111	0.991674181397642	82.9287377575853
65208199.9999994	546.374075791946	18243.8588827791	0.141482482641019	41.3290496915068
65322399.9999994	242.865996597052	18742.6127778264	0.0613439356976064	27.8099162406994
65436599.9999994	239.092910548696	18806.9501780707	0.015976551809272	14.5245394649551
65550799.9999994	254.817074156747	19141.908580296	0.00310221908770421	5.01664124860969
65664999.9999994	261.477525931568	19206.8071273465	1.00653543181437E-05	-0.411577533583615
65779199.9999994	350.054985467874	20842.693044065	0.0471801826561681	21.1973525863317
65893399.9999994	520.002935495414	22162.1656355016	0.470006669569924	60.5061123478704
66007599.9999994	395.908422927271	18387.5748604491	0.0704004466259131	29.2431181820014
66121799.9999994	244.403812945361	18830.3696399727	0.0239847575955445	18.3907519051956
66235999.9999994	234.730382104907	18807.0882014282	0.000805680981124637	2.60753874207054
66350199.9999994	251.764787697222	19104.162860098	0.0020942151130483	-5.58978658410654
66464399.9999994	276.11586638301	19619.2657440482	0.00107733579950029	-4.27942446268522
66578599.9999994	327.297588079119	20474.7644468054	0.0139536653892162	11.6443851272118
66692799.9999994	433.199866896387	21601.0538133748	0.228136723534836	44.2588170162988
66806999.9999994	330.058502834295	18699.2457491399	0.0488188456791602	24.0322864352244
66921199.9999994	253.659705890341	19000.9686054761	0.0167701227464286	14.458658955016
67035399.9999994	235.455357385126	18805.0694555019	5.82870239592163E-05	0.431335569400581
67149599.9999994	244.551047720192	18984.1402393802	0.00661225497363683	-9.39450575861513
67263799.9999993	264.678794597279	19384.3541120545	0.0124971958626297	-12.306461294984
67377999.9999993	303.208161255789	20091.5277693985	0.000420069927990793	-2.58632690954944
67492199.9999993	371.191938049183	21052.1341699296	0.0580678120341506	22.8555412876987
67606399.9999993	572.065461730431	22376.6010159793	0.573554197582977	64.2302837770598
67720599.9999993	422.976261526639	18295.0797131372	0.0825902992704303	31.6915747750831
67834799.9999993	243.553998474773	18788.9254786599	0.0287877829756172	19.0516802828674
67948999.9999993	235.110779127006	18755.9647191196	0.00220162930870314	5.01463170226895
68063199.9999993	255.435399006922	19123.4728272637	0.000360837183169287	-2.21207519349034
68177399.9999993	285.130415933374	19689.5404787733	0.000158848397026127	1.1769011746914
68291599.9999993	330.162445318137	20460.8019907819	0.0319139007835656	17.8337225273494
68405799.9999993	464.321881632691	21753.0715807928	0.334216864405446	52.5300235500131
68519999.9999993	357.888029884304	18450.7908124298	0.0617532142807691	27.0666629260156
68634199.9999993	248.466741094266	18867.6858075881	0.0220571523592347	16.1876230633888
68748399.9999993	237.780005189694	18747.1268855602	0.000592953283534354	2.17378253636202
68862599.9999993	246.771506425092	18949.3675796401	0.00330220797056255	-6.96864388308448
68976799.9999993	268.216666942846	19396.3043998185	0.00533927480405037	-7.98219377388404
69090999.9999993	313.725111343724	20183.4678081375	0.00178196061223383	4.13071895564966
69205199.9999993	388.314561861695	21156.1370957825	0.115711229420798	32.3324291022892
69319399.9999993	629.550498589262	22491.8808057484	0.815115657853591	76.394279104731
69433599.9999992	492.708127534696	18221.6219407312	0.116470010391699	37.6194386377051
69547799.9999992	243.414128967899	18745.5382801352	0.0472074293363859	24.3472626941583
69661999.9999992	238.036579661131	18771.9855981871	0.00905876891130602	10.6229288854942
69776199.9999992	256.73915186991	19173.4650116851	0.00138779757776038	3.78990810309185
69890399.9999992	291.81008827188	19809.4539820268	0.00716531466032983	8.47428611768804
70004599.9999992	346.362202875795	20686.9200452814	0.0815659606689955	27.1596363416361
70118799.9999992	495.67062549779	21941.8202571026	0.517184441684475	64.2913962153732
70232999.9999992	415.716846396038	18320.8740762183	0.0857644052707738	32.5144893218937
70347199.9999992	245.880017727039	18822.41096421	0.0343941823013829	20.4053198612632
70461399.9999992	237.772449076033	18765.3854353211	0.00345719198342756	6.47763926752992
70575599.9999992	249.864071650226	19029.4224363578	0.000369713790789638	-1.35456768320539
70689799.9999992	271.220981238807	19505.3069458501	0.00036172688973503	-2.26028054782593
70803999.9999992	322.204299429962	20350.3672153394	0.0131789388705697	11.2524596625798
70918199.9999992	414.012855361202	21424.304475225	0.202331235683083	41.552153658895
71032399.9999992	696.328911956526	22783.2923018491	1.13159490195991	87.7545035079993
71146599.9999992	590.14363243837	18286.3376964912	0.163402047889567	45.4434087085462
71260799.9999992	244.394274169267	18763.9281542132	0.0749929757972256	30.6627924932541
71374999.9999992	239.887993470543	18821.3883428916	0.0234305899743768	17.3167922037984
71489199.9999992	258.475553627478	19169.9107136179	0.0081304031626933	9.28926302813764
71603399.9999992	287.381023328836	19832.7555061397	0.017701074221456	14.2335310922461
71717599.9999991	362.31581770854	20899.0427948214	0.133122163500865	35.6763969501845
71831799.9999991	545.63680584853	22209.7056349881	0.716213637703535	74.020623106932
71945999.9999991	474.103294650057	18264.7229397401	0.110140860715648	36.8800838355598
72060199.9999991	245.354787085694	18827.5074023278	0.0462735312986027	22.8891609766068
72174399.9999991	235.705186347841	18810.5687660449	0.00755696415768005	9.36759367140534
72288599.9999991	253.194870598962	19132.1227093137	0.00014146377174435	0.880354694140783
72402799.9999991	278.462923929798	19658.6356487129	0.000851115856610631	2.83854536335078
72516999.9999991	324.426085035214	20438.6470147544	0.0294223267372288	17.0657287474757
72631199.9999991	444.287884579636	21703.8505229925	0.296121143849176	49.8191692027926
72745399.9999991	350.439380007116	18601.2179262362	0.0586293323482052	26.4579984969685
72859599.9999991	251.56074485838	18983.0853529615	0.0206488717882504	16.0566902839655
72973799.9999991	235.740426447544	18795.9994621152	0.00035063073412527	3.06210394524091
73087999.9999991	244.225258085373	18976.4769540149	0.00476313969668377	-8.08466170416169
73202199.9999991	265.42464292074	19416.3523835931	0.00906945398408694	-10.3154257549246
73316399.9999991	305.893558897318	20149.8173862249	8.42682200349553E-06	-0.631796484755968
73430599.9999991	379.992637527998	21133.5987846241	0.0780905534369444	26.3784225143776
73544799.9999991	596.196227778395	22455.1331944056	0.663024099026899	70.0623480123086
73658999.9999991	448.412523221633	18267.255482354	0.0927734380028489	33.6798502800369
73773199.9999991	243.433443773961	18775.8508348288	0.0334617717949351	20.3353550418804
73887399.999999	234.999091597225	18787.45892798	0.00348471538429296	5.58335789954609
74001599.999999	256.055164077683	19179.0584073905	2.77995732405204E-05	-0.752965769695598
74115799.999999	288.115919017434	19788.5148439475	0.0011031968993294	3.27410538982302
74229999.999999	335.795660856012	20615.1587711685	0.04520698827538	21.0344630523332
74344199.999999	481.104776352692	21932.7750394064	0.397054722811903	56.9510761810783
74458399.999999	372.758641730558	18432.3812660041	0.0673008468391682	28.4341582021886
74572599.999999	246.892808312013	18903.1680562149	0.023993722796615	16.9155299334765
74686799.999999	237.106725627926	18798.0315942965	0.000776244349443803	2.39329531668323
74800999.999999	247.357067611512	19014.8181655801	0.00273898850195619	-6.47388264723422
74915199.999999	270.194524336113	19509.7721912727	0.00395338989802497	-7.00021392699147
75029399.999999	318.158768232329	20307.2938003907	0.00369373707816801	6.38609775006007
75143599.999999	400.221027833777	21325.2335295338	0.142202148470874	35.2090476926799
75257799.999999	661.949358085903	22664.1185693908	0.930400049791815	80.9155205669672
75371999.999999	524.616787480572	18242.775127621	0.131071120884316	40.1300379419794
75486199.999999	243.653732678896	18757.2445546628	0.0543658498019347	26.1301537549136
75600399.999999	238.791248042409	18817.59542945	0.0121448053772377	12.3759064597966
75714599.999999	247.505210531135	18996.7953372357	0.000166048382682586	0.726554423888805
75828799.999999	294.994725666318	19938.9048671785	0.0052913531042234	7.43132635394359
75942999.999999	352.240713972219	20847.7674865051	0.0833121790245077	26.9006350032236
76057199.999999	519.785381783103	22120.1762714074	0.561009538621823	66.3846722220565
76171399.9999989	426.785809307831	18341.4038841456	0.087584153618421	32.7785128264916
76285599.9999989	242.826411405225	18852.497275893	0.0332659563071124	20.4828859774334
76399799.9999989	237.828172558222	18818.3681682863	0.00294213728098282	6.01843610731187
76513999.9999989	251.246179058373	19119.9113909276	0.000569411636312019	-3.27376080875907
76628199.9999989	275.89073404988	19621.9059397501	0.000177131492148778	-1.75549450507309
76742399.9999989	316.338533810961	20319.2834956515	0.0113739981274189	10.7708664187946
76856599.9999989	428.927458279905	21613.7445444706	0.215885182379738	43.0648301399569
76970799.9999989	329.069335325541	18761.6060451688	0.0466598243070778	23.4296158651727
77084999.9999989	253.12219156062	19034.8939097182	0.015195577183329	13.4106058261043
77199199.9999989	235.69610925615	18833.6059728861	3.55740892792223E-08	-0.528294603853766
77313399.9999989	245.217790030608	19016.6251169405	0.00820696379409996	-10.4375348435535
77427599.9999989	263.515316865531	19394.6201779834	0.0146654533149007	-14.4211902824472
77541799.9999989	301.052981478004	20082.3582564451	0.00114104606787796	-3.89965148529336
77655999.9999989	368.446345875232	21040.847053424	0.0500579591745837	21.7180530418919
77770199.9999989	567.522086364653	22352.0247792525	0.543157745664732	63.239136355846
77884399.9999989	413.359711839986	18324.930502041	0.0754919796407689	30.4079681486764
77998599.9999989	243.098937982664	18799.5277809208	0.0241023378234874	17.4841965483583
78112799.9999989	234.827043787136	18769.1439899648	0.000963777436562834	3.08240518544766
78226999.9999989	255.350905580153	19136.2065530765	0.00122829204003791	-4.42353700485589
78341199.9999988	283.23065850981	19700.5786230669	7.36091268868563E-06	-2.55055105440343
78455399.9999988	327.774808105392	20446.741216023	0.0250980222521466	15.6670024729787
78569599.9999988	461.068525120307	21744.0032360069	0.308143915315926	50.8196922303884
78683799.9999988	351.29389168777	18489.9887885407	0.0563075360526967	25.9221499172739
78797999.9999988	249.504248021878	18872.3510480042	0.0185088079269826	15.3367491623512
78912199.9999988	235.621477815141	18750.415153098	0.000123451811131735	1.26843558442605
79026399.9999988	247.194914072764	18945.0189446492	0.00514991249440114	-8.45317776378009
79140599.9999988	268.101917559363	19399.0578343127	0.00766117942445712	-9.47025773491505
79254799.9999988	311.075306086267	20172.2325119131	0.000591029736266935	1.84044036207307
79368999.9999988	389.990129089382	21178.3604986548	0.10312071081612	30.2290616133005
79483199.9999988	628.213950462923	22506.1690187106	0.780760153412184	74.8811765576795
79597399.9999988	481.550251456685	18234.308635432	0.10906198564225	36.8535852238631
79711599.9999988	243.333428805935	18741.613650135	0.0421346158947675	22.8225621903453
79825799.9999988	236.879761948506	18743.41021702	0.00705472547914705	8.15299273401935
79939999.9999988	255.407306561405	19178.1700073124	0.000617565889734534	2.53629624339636
80054199.9999988	291.936836111136	19809.8951984615	0.00523197697561988	7.75171276446394
80168399.9999988	344.108878281468	20659.6021074597	0.0726864734021497	26.2825912826133
80282599.9999988	502.747548448877	21985.7980390942	0.501446725502359	63.2743664257409
80396799.9999988	407.279385269981	18318.4680998094	0.0816187294987009	31.1606190827164
80510999.9999988	245.716780385103	18814.2553866933	0.0313548575313293	19.8790359229459
80625199.9999987	237.653390315984	18750.4816104129	0.00253309595776629	5.11393614380578
80739399.9999987	248.905029867527	19015.5102501556	0.00082169788340334	-3.78814035955994
80853599.9999987	272.531433049162	19511.0136523799	0.000875287958892297	-3.41359807509364
80967799.9999987	322.272746358824	20347.4389715659	0.0110666259180382	10.0213796714818
81081999.9999987	414.58171306007	21416.0382182554	0.195416213540561	41.6817273096088
81196199.9999987	700.647222393218	22763.9683592386	1.12038622686005	87.5687872533083
81310399.9999987	577.865167038321	18262.3315434547	0.159402823437347	46.1468322058402
81424599.9999987	244.739203739625	18744.1284769037	0.0725021474947478	30.2073037317267
81538799.9999987	239.694472384168	18801.9374473806	0.0220303034226483	16.7568474231447
81652999.9999987	255.939536114745	19166.4984232738	0.00657565848091815	8.43573367296523
81767199.9999987	292.923687344717	19865.9393210981	0.0162440251882796	13.0089920010999
81881399.9999987	362.765473200394	20921.7982595965	0.130078923673358	34.5492927893234
81995599.9999987	548.477809077311	22224.2021822533	0.714128815555092	73.9937629586541
82109799.9999987	473.128359415464	18272.1282908321	0.10919138514999	36.6729354880862
82223999.9999987	243.502778218291	18811.8872369338	0.0453401468924684	22.9529122551608
82338199.9999987	236.836028805211	18815.5344178967	0.00702005321829044	9.40998183686703
82452399.9999987	253.172469233729	19136.0243998961	5.49650485136992E-05	0.634024990574547
82566599.9999987	280.132005332405	19658.6146747205	0.000750995655556773	2.77609243962698
82680799.9999987	325.752161979111	20464.9918133455	0.0293234970376915	17.0057212706392
82794999.9999986	447.878924266512	21732.6641380945	0.302981324372174	49.2801600140156
82909199.9999986	354.655729532518	18594.3616759501	0.0603141978338105	26.556793215895
83023399.9999986	250.585743569983	18983.5114437624	0.0213385854413903	16.1232272004596
83137599.9999986	235.769687801544	18802.0475246528	0.000406771016503969	2.06456263603441
83251799.9999986	246.520965732066	18998.5148968933	0.00471591822983643	-8.05586756584455
83365999.9999986	265.56308926064	19430.2455819581	0.00894164984364638	-10.739216492829
83480199.9999986	305.833696713515	20169.4065571923	2.226292332557E-05	0.304946929207627
83594399.9999986	381.193690079541	21156.7180679523	0.0803604830206645	26.9771197599583
83708599.9999986	597.708796358564	22465.6675273443	0.67430221129309	69.9592319065657
83822799.9999986	453.575836207972	18279.8111383678	0.0938811529531856	33.9985802801472
83936999.9999986	243.104825945671	18788.317878599	0.0334709824266393	20.7574389256486
84051199.9999986	235.318379261503	18799.5630515764	0.00337407864788138	6.09977888386303
84165399.9999986	257.311647584254	19214.4016717361	2.89322565706215E-05	-1.22288793114164
84279599.9999986	286.915207262853	19821.1260995473	0.00126914895463601	2.78341537716879
84393799.9999986	335.933008703428	20626.6297872461	0.0465646990279495	21.5206412614415
84507999.9999986	480.755683888932	21957.2809487189	0.401177243836946	57.255889894043
84622199.9999986	377.922513067729	18437.1493071296	0.067959041045783	28.6410150414494
84736399.9999986	248.045658508229	18915.6864709823	0.023564154155467	17.375486918279
84850599.9999986	237.389297603223	18807.6295592118	0.000657110907026325	2.47332775666847
84964799.9999985	247.68319259326	19029.2889355324	0.00301050353329197	-6.41849372706734
85078999.9999985	270.601357152828	19539.0908546382	0.0040804005060809	-6.69726641873027
85193199.9999985	316.829073076801	20338.1428227609	0.00390900428474831	5.50141570472074
85307399.9999985	400.378748706374	21345.268518346	0.143058090374327	35.2332593077659
85421599.9999985	663.883489201896	22701.9608922231	0.937284530018508	80.7106689966132
85535799.9999985	527.948846533757	18247.0882595282	0.131308968046666	40.4032178492691
85649999.9999985	244.027155125329	18762.5650775095	0.0534714277750904	25.993680354183
85764199.9999985	237.173196648676	18809.2709260845	0.0117404696477495	12.7866904350331
85878399.9999985	244.863194195017	18915.1419850309	7.86962795072968E-06	-0.389226965702386
85992599.9999985	294.316254156283	19961.7703138	0.00345121559158526	6.33225971894747
86106799.9999985	352.620709349081	20838.949541823	0.0763981268921755	26.6933747315054
86220999.9999985	525.519649163227	22178.1850860342	0.548483586194412	65.4131791039807
86335199.9999985	420.813177502809	18344.2070267044	0.083116040087112	32.0526882952201
86449399.9999985	243.517324558508	18845.6239945159	0.0299656374240706	19.2167164988553
86563599.9999985	237.657867323852	18814.9685406938	0.0020103941845347	4.48576574499823
86677799.9999985	250.588888603242	19119.3668578162	0.000841307218071162	-3.67189665239708
86791999.9999985	274.28481706114	19605.3881229483	0.000463976424051525	-2.31252774423509
86906199.9999985	326.378124052523	20485.8499311854	0.0160162393159523	12.8049495002125
87020399.9999985	431.098734666835	21603.2861305994	0.23609102765259	45.1101853807386
87134599.9999985	334.801029080435	18700.8237719351	0.0488482368063875	24.4421081217184
87248799.9999984	250.903124174353	18992.2638613969	0.0158820856278299	13.2933154413382
87362999.9999984	236.970292769581	18808.7195574075	3.54646096909229E-06	-0.415818989630234
87477199.9999984	245.394829056887	19000.6027547668	0.00785067606098678	-10.0564439338256
87591399.9999984	262.733863946559	19389.7162307112	0.0141752316165438	-14.0166363973158
87705599.9999984	303.472526921615	20112.0813607565	0.000956364401902678	-3.88753034608016
87819799.9999984	371.055443600894	21064.8891121359	0.0531519276125976	21.854576621569
87933999.9999984	574.313060432267	22373.1668061669	0.562516117394798	64.4408279376654
88048199.9999984	418.206469567237	18308.1969076226	0.0772836128165826	30.8379060447651
88162399.9999984	239.343040061657	18766.1720336849	0.0244292612406255	17.1317526287383
88276599.9999984	235.200322208539	18766.143972358	0.00105824030208828	3.6977447135893
88390799.9999984	254.831041618499	19141.4448102334	0.00118343540691675	-3.82852042781551
88504999.9999984	283.545538623945	19696.0977061667	4.09271932715437E-06	-0.875955325795876
88619199.9999984	332.443609815244	20501.0945489269	0.0269967661319929	16.2178302924033
88733399.9999984	466.797183856021	21777.4107357051	0.321870462470427	50.9733127143401
88847599.9999984	355.896703361171	18469.0416052824	0.0571650458017538	25.9896813574906
88961799.9999984	248.664071408748	18861.0916218943	0.0184878200108643	14.8640952611084
89075999.9999984	234.74909855762	18736.6221058671	0.000118981691363268	0.794302642344344
89190199.9999984	248.134302272854	18956.199502082	0.00537018796180436	-8.51725182625512
89304399.9999984	268.354351043617	19415.7232937339	0.00791918072328138	-10.2374942111409
89418599.9999983	312.272381963798	20193.3071909751	0.000760224755939652	2.51613313356403
89532799.9999983	395.167506046614	21224.4480161106	0.109779911942747	31.5736759533871
89646999.9999983	642.09496675902	22552.6467604086	0.821864179338363	75.8904052256747
89761199.9999983	498.273921794554	18236.7401974021	0.115767950246124	37.5148547755412
89875399.9999983	242.714572739518	18742.4534312648	0.0454744923221487	24.1660506623454
89989599.9999983	235.668656919463	18756.8058593886	0.00814054335756434	9.86632926735443
90103799.9999983	258.720576055925	19198.3319976447	0.000984546265264375	2.86466729003271
90217999.9999983	293.208460601576	19841.083201117	0.00661214890261576	8.40225169255657
90332199.9999983	346.23994754282	20697.6848304416	0.0806075842809159	27.6413513264134
90446399.9999983	508.759128475119	22020.8454826034	0.52972342971066	64.8665738969196
90560599.9999983	413.035829870442	18301.1226404759	0.0841655134474694	31.4584294430057
90674799.9999983	247.112283274964	18827.0310410465	0.0325599173082141	20.4663181434022
90788999.9999983	236.81869324186	18773.4401628446	0.00260632279107181	5.27986755084037
90903199.9999983	249.661756893617	19045.604702238	0.000727295751478754	-3.73605436004993
91017399.9999983	274.459041715446	19559.7849913819	0.000617303560239176	-2.62768538379835
91131599.9999983	323.483910063383	20417.5659519435	0.0135040725929771	9.00680778827882
91245799.9999983	415.055533652057	21461.1539038485	0.206831840210427	42.4632607962517
91359999.9999983	708.433959534055	22853.6184148793	1.16229285449032	88.5443500431301
91474199.9999983	597.273809186659	18295.5471362523	0.167126561526477	45.9036103260996
91588399.9999983	245.988229783692	18783.8290407562	0.0756362492212515	31.0095736112151
91702599.9999982	239.730902237014	18843.8797932455	0.0233459987734291	16.8913350722659
91816799.9999982	255.886335735058	19193.1895759709	0.00753139783519726	9.34377249701596
91930999.9999982	294.57944166966	19912.7334736158	0.0188694140062312	14.3709585543759
92045199.9999982	367.444696311216	20971.088522955	0.144376529353672	36.5187122409298
92159399.9999982	552.358407496989	22279.7962445395	0.750793952518888	75.6081396578241
92273599.9999982	484.81731923227	18272.526050032	0.112934754913318	37.6823159770368
92387799.9999982	244.004247031098	18825.71227819	0.0466535113828627	24.091554142688
92501999.9999982	237.317800281896	18836.2032274646	0.00733592094720266	9.1272663010661
92616199.9999982	253.514878590961	19168.6647780144	0.000148035784074482	1.28497353317309
92730399.9999982	279.094076589228	19695.3117824539	0.00105152973034959	3.66746396477674
92844599.9999982	327.169389567278	20521.9230389017	0.0327545162018599	18.190327692587
92958799.9999982	448.840628841721	21785.2001007338	0.317151940437061	51.7274441975868
93072999.9999982	357.69104574179	18605.7216090035	0.0591410250046728	26.9886330911341
93187199.9999982	249.246584575211	19008.2279851094	0.019501951100281	15.4488146406304
93301399.9999982	236.44704726938	18840.334232638	0.000164705035442504	0.816486253769151
93415599.9999982	246.386339349247	19033.5482657868	0.00574584386644052	-8.70370958007527
93529799.9999982	265.198656644591	19454.5317975552	0.00950167376658951	-11.1003825099016
93643999.9999982	307.171280186059	20202.2595690214	1.80606375073411E-05	-0.0538150848762036
93758199.9999982	384.234924744649	21217.4136596817	0.0837910682868031	27.4092987646883
93872399.9999981	607.919562741585	22519.7963451232	0.701673395402174	71.339801839213
93986599.9999981	459.68884130309	18287.0018847803	0.0952687743640948	34.3173934683693
94100799.9999981	240.480759929166	18781.5575640976	0.0333069253084608	20.66330038155
94214999.9999981	235.627947619269	18812.4899708956	0.00324269486782359	6.41583231617614
94329199.9999981	257.63719876855	19233.9299486107	2.82383387076402E-05	-0.619447470870295
94443399.9999981	288.892032343344	19840.7207269899	0.0015202605543926	3.80719344171736
94557599.9999981	340.387512737939	20709.8415301282	0.050456190413973	22.16987385381
94671799.9999981	490.888061048389	22019.127573711	0.425199863162862	58.6269951666842
94785999.9999981	383.176029977204	18421.2923317609	0.0681360045351772	28.7121592787838
94900199.9999981	247.074537678809	18914.2920386593	0.022786217703638	16.45677336408
95014399.9999981	235.828051535534	18799.0641965128	0.000589873350012627	2.48766071358252
95128599.9999981	246.473415948509	19048.7456668097	0.00341663683606566	-6.98558537702193
95242799.9999981	271.327163991075	19570.1332562872	0.0041586171011317	-6.82930860864868
95356999.9999981	318.203290388603	20376.818608445	0.00441777463741819	6.29516234370336
95471199.9999981	410.186655946861	21447.0380578579	0.154866073729514	37.1023706811526
95585399.9999981	683.438882615131	22796.9105697079	0.997967995696381	82.5752350155332
95699599.9999981	547.733843943845	18264.7165826581	0.139880206521659	41.7296147719186
95813799.9999981	243.634854788899	18771.0151830552	0.0576483011190409	27.2951406901513
95927999.9999981	237.02827463125	18827.2821801951	0.0137113907215318	13.1127594650746
96042199.9999981	252.186023253835	19090.301621105	0.000894368020093636	2.74010093232859
96156399.999998	296.847475090431	19993.7120664324	0.00843309985121225	9.47954094694615
96270599.999998	357.635299987604	20893.4985195947	0.102108204104606	31.0990312534304
96384799.999998	540.211986082874	22247.2588482325	0.631443922282764	69.780028266171
96498999.999998	440.529680815514	18290.4861621793	0.0941190034678825	34.2901502077584
96613199.999998	244.428584040269	18845.2862302261	0.0359565827154179	21.3964921259
96727399.999998	236.487184984427	18815.9096001926	0.00346340799365507	6.67560847470822
96841599.999998	251.109016108644	19124.303285189	0.000299345279457331	-2.60715077345141
96955799.999998	279.323262228581	19669.3049825037	1.89821183278025E-05	-0.565987447695064
97069999.999998	280.387200082638	19631.443911658	4.29271830808176E-06	-0.544671973279024
97184199.999998	430.308334318407	21706.4577964736	0.141832000233879	34.5634945135173
97298399.999998	305.605701852308	18859.0090767421	0.0270473596914856	17.5900728386606
97412599.999998	246.984035627603	18972.064430288	0.00455013520144686	6.16362184344127
97526799.999998	242.365502816476	18942.2266258415	0.00146185801795208	-5.06079360216457
97640999.999998	246.166371045004	19017.6921747555	0.0163892744109792	-14.5764905425293
97755199.999998	263.474935649566	19414.495955832	0.0233044498934195	-17.1064812957454
97869399.999998	307.028674254814	20173.3727665199	0.00306491237862266	-6.04111015555835
97983599.999998	376.903137072232	21141.7289029061	0.0489882335337756	19.2357825359847
98097799.999998	583.606784268426	22418.0725932838	0.564710521987547	64.1021103021763
98211999.999998	417.82265258302	18305.5654048366	0.0752559261210731	30.4007181202522
98326199.9999979	240.539668307051	18756.5621483806	0.0232671316911298	17.1254421368846
98440399.9999979	236.376014666868	18781.4053780707	0.000723758885726431	2.50630011970024
98554599.9999979	256.569338059592	19172.3514660482	0.00141516113003436	-4.30598499070162
98668799.9999979	285.46440375616	19743.5200929539	6.01004427762749E-06	0.0698504287506184
98782999.9999979	336.180912343766	20577.620606654	0.0320859251179239	17.4856566412599
98897199.9999979	478.27213561429	21852.2830256159	0.35655197984695	53.3555156582803
99011399.9999979	366.160035011861	18436.5718419596	0.0606167268057001	27.419518492525
99125599.9999979	246.760395047864	18849.1269700019	0.019288492801714	15.5658611173415
99239799.9999979	236.393845558038	18737.6490231682	0.000174682932429463	0.802210625833781
99353999.9999979	249.296135870039	18987.0003366404	0.00486236998531	-8.04275906171442
99468199.9999979	269.717991843626	19457.0210897684	0.00623892574413509	-10.2024721731979
99582399.9999979	314.374924464581	20236.1300508378	0.00194163362148369	4.02405663237532
99696599.9999979	400.238964348669	21296.3955594143	0.127447850496419	33.5638693623699
99810799.9999979	657.583486158636	22611.444574715	0.895289420082362	78.8432433798214
99924999.9999979	517.53092710482	18244.3922710265	0.124063157162098	39.3931489318832
100039199.999998	242.970156010852	18739.8330853279	0.0488297086338861	24.4020576564135
100153399.999998	237.157162002564	18773.6676742878	0.00988924498583168	11.119172643565
100267599.999998	257.582247757479	19204.7027296966	0.00145948988114365	4.35069855038188
100381799.999998	294.687610385333	19909.0330384328	0.0092561135158342	9.7391710750534
100495999.999998	349.56364649644	20753.8575899663	0.0939494964205791	29.9681564993735
100610199.999998	521.920000795571	22114.0720940701	0.582964538519523	67.6727854303699
100724399.999998	430.680418012966	18285.1189278174	0.0904200337555271	33.1890549825546
100838599.999998	246.019450219651	18828.6077376657	0.0341879518595259	20.3831373841806
100952799.999998	235.934457230951	18785.5764494509	0.00309310084114778	6.84969393295992
101066999.999998	249.860525531662	19073.4627425469	0.000507295486695091	-2.70094419634844
101181199.999998	275.957404521155	19615.8636641641	0.000222007920853854	-1.4057320701717
101295399.999998	323.032575031623	20425.3338192404	0.0160286507002217	11.5307909008592
101409599.999998	428.567724198324	21597.599169552	0.230917099649619	44.8173963199853
101523799.999998	333.132772648832	18731.3032749628	0.0483746308537146	24.2071803479865
101637999.999998	251.687328561446	19007.5221927102	0.0161430759328577	13.7086424005589
101752199.999998	237.990191588856	18831.497151032	1.27654559843489E-06	-0.29570798720387
101866399.999998	242.129018611352	18986.540888592	0.00788506460343549	-11.0971799292531
101980599.999998	261.504217509123	19345.6084937466	0.015046243562582	-14.1231849764509
102094799.999998	303.157237011976	20105.5194485229	0.00131827918738645	-3.93686376193605
102208999.999998	367.922381847794	21037.8232600122	0.0500531496070284	21.3740152046986
102323199.999998	569.886615854214	22392.7304928622	0.541843124618789	63.5401906087785
102437399.999998	409.937513682114	18325.0795978825	0.073806251726728	30.2973790621732
102551599.999998	242.999017970956	18791.9109728008	0.0235776536328802	17.0841113953907
102665799.999998	235.490811257959	18801.2071786602	0.000740743817267859	3.05428199446179
102779999.999998	254.366279652216	19165.8961082194	0.0014503541721116	-4.32085171771103
102894199.999998	283.251031107124	19703.9070133794	8.07222486547734E-05	-1.12707313155105
103008399.999998	329.128648975853	20504.308756883	0.0223017117314165	14.5250041468938
103122599.999998	460.339979721486	21806.7911421296	0.302437175600126	49.7233024451841
103236799.999998	351.415358795142	18547.9446788143	0.0537168006901401	25.2462620064309
103350999.999998	244.793033874661	18898.3917390965	0.0164524951464705	14.077880285639
103465199.999998	237.234519059027	18777.5240504977	1.21937640768044E-05	-0.313034218007251
103579399.999998	247.401145050025	18984.0431016008	0.00657538774629054	-9.1753204507332
103693599.999998	266.224744098821	19428.3580004066	0.00935175637031634	-11.1161959425131
103807799.999998	313.354663335753	20213.7273595346	0.000265427268580922	1.40412922336076
103921999.999998	392.738614883659	21215.4659959138	0.0999987165283707	29.4299617802079
104036199.999998	630.010202022752	22525.8697352233	0.779898363909659	74.3550750634548
104150399.999998	483.15312442431	18257.521892597	0.107528215509194	36.4585558296037
104264599.999998	239.637087548298	18738.9017614812	0.0407685200142986	22.1134120507795
104378799.999998	236.632181988111	18800.0632733904	0.00618113023497136	8.50022777081933
104492999.999998	258.655707114493	19227.2905035744	0.000379275314647821	1.74120719923883
104607199.999998	290.510122783128	19842.2090995049	0.00497054521733085	7.06382024391851
104721399.999998	347.142943263839	20746.3864410544	0.0726076399656407	26.5910755837788
104835599.999998	508.287012558162	22081.6927630258	0.513444167066057	64.0658463691569
104949799.999998	415.230186908234	18361.0566456906	0.0847533172380205	32.3418604083305
105063999.999998	246.02046221181	18894.3063620027	0.0321446257180815	20.3442120854565
105178199.999998	236.198175940595	18810.1489276147	0.00284125148725173	5.20779783341927
105292399.999998	249.891267701308	19084.5415686259	0.000780800211458887	-3.38008747772338
105406599.999998	274.320425447726	19597.3127344711	0.000760081280489191	-3.57890116461062
105520799.999998	320.811431651329	20405.7361251159	0.0122911212727103	10.6376504542212
105634999.999998	418.893541377122	21507.2290873466	0.201773094900646	41.82526560634
105749199.999998	703.36850714613	22843.9498715762	1.14593503055579	87.2979537516153
105863399.999998	595.433619141953	18283.085902844	0.165334656745191	45.5081041182056
105977599.999998	244.989929336396	18769.9696638155	0.0742538977353907	30.8698006523097
106091799.999998	238.875313715217	18836.3392390293	0.0230650640882185	17.1753970933037
106205999.999998	257.551617338522	19213.4512752768	0.00701053479165086	9.16081261792935
106320199.999998	294.065982925246	19911.4108268251	0.0178195023489637	11.5354092703449
106434399.999998	361.245895016481	20930.2022657014	0.136585801633471	35.8588786963994
106548599.999998	553.224368551822	22280.0135944363	0.731912764256124	74.6898185252588
106662799.999998	475.160695056135	18251.7444688878	0.111104510299462	37.1433214578902
106776999.999998	245.687726608641	18828.7758980577	0.045152212837682	23.5807039247932
106891199.999998	236.926566105015	18808.5134905085	0.00673894110345744	9.19726851780161
107005399.999998	252.638539983425	19128.7269951869	8.0628050412102E-05	0.774257192273018
107119599.999998	281.142455870402	19691.5961955525	0.000748816063821568	2.95079194328396
107233799.999998	325.769168375882	20476.3443190698	0.0316009217027229	18.1627869654984
107347999.999998	444.317335135959	21689.6336709082	0.306015989419872	50.983017976874
107462199.999998	354.548719900749	18570.5533156563	0.0574553227445238	26.6018675156806
107576399.999998	248.800942160832	18947.4157945201	0.0195022363828314	15.2377815414896
107690599.999998	237.545697338377	18818.3648776382	0.000119795864489408	0.650047949471364
107804799.999998	246.757930871678	19009.1145546022	0.00597561644269333	-9.81755825056605
107918999.999998	262.847241903204	19422.0309420835	0.0102428072054128	-11.4340566914067
108033199.999998	308.941100188264	20198.0267245083	2.35213207135219E-06	-0.150030941990837
108147399.999998	381.011859693395	21165.2018376443	0.0800530593390265	26.1011798354266
108261599.999998	604.970602104491	22492.9426451034	0.68326279692941	70.3849331301515
108375799.999997	454.160052260647	18269.8470402171	0.0929235304117118	33.7186133843046
108489999.999997	241.023257849566	18755.8967132208	0.0324312130676034	20.4313884134058
108604199.999997	236.329745578195	18784.660321889	0.00282663890029401	6.04531465695129
108718399.999997	257.712114076443	19192.8471950313	3.00407322782056E-05	-1.17530763501928
108832599.999997	284.512563765159	19760.3887140615	0.00109122285472103	3.27942670186468
108946799.999997	339.895759806984	20630.8892630693	0.0471176416633851	21.4478122311712
109060999.999997	485.598942490707	21897.9691023231	0.413538941114887	57.8456688930567
109175199.999997	382.373411016854	18402.8015271278	0.0665983681060874	28.4162577535874
109289399.999997	245.228311804887	18842.3787445093	0.0220964101703519	16.8625399208112
109403599.999997	236.282452939285	18754.1334076124	0.000422798350985132	1.7355262047763
109517799.999997	249.474273912692	19018.4326303839	0.00376539972293282	-7.12111190078209
109631999.999997	269.713246052075	19499.2512322128	0.00452641181216764	-8.4904584005574
109746199.999997	318.141482176467	20309.3420103499	0.00367820576761185	5.98011929698286
109860399.999997	407.801378214687	21387.0376348868	0.147549467818535	35.9462655175786
109974599.999997	677.188554656374	22703.7350490238	0.975764510137479	81.7696959028777
110088799.999997	540.127544635857	18275.4511046568	0.134149140722579	40.9657180523431
110202999.999997	241.430792938566	18745.0364742782	0.0542131762503806	24.855937289942
110317199.999997	236.425923991096	18802.2921334294	0.01234544187379	12.2620687138607
110431399.999997	246.755633334736	18935.213967771	3.80942479323381E-06	-0.0842694245136754
110545599.999997	295.243083295826	19985.0091438804	0.00413253276176469	6.2636225865316
110659799.999997	356.707509920734	20906.7648697102	0.0827164663276357	28.0245180075363
110773999.999997	534.124384761366	22248.1444500377	0.57663829063712	67.2183537482162
110888199.999997	427.528956535196	18314.3056949845	0.0865428791348795	32.8966484391777
111002399.999997	244.761515108426	18828.9443277048	0.0309043806309644	19.4814738731013
111116599.999997	235.75072388623	18764.4910344953	0.002301668087206	5.85363765789217
111230799.999997	250.596123895623	19097.8209046839	0.000911320777647226	-3.70089415823743
111344999.999997	279.028194522867	19641.5244701151	0.000284244812782407	-1.93079472221249
111459199.999997	319.872665284712	20387.6879186383	0.0145475264704692	11.6638726000176
111573399.999997	437.71321795988	21674.8236752817	0.237520170846831	44.9891344437545
111687599.999997	330.104870270994	18668.258392745	0.0464840032692478	25.2271178161667
111801799.999997	249.775485129597	18989.4019216235	0.014034867878412	12.7351820693083
111915999.999997	237.897300636497	18817.2282023818	5.53969537908056E-05	-1.11663949682821
112030199.999997	244.070464804136	18992.4648497938	0.00930726117729772	-11.1137127664807
112144399.999997	264.474443241269	19418.9510756535	0.0159333070714025	-14.1076509354769
112258599.999997	307.13442920241	20175.2667997572	0.00103331102257163	-3.83524285249066
112372799.999997	374.353876427312	21135.9316284744	0.0580098632683622	22.8719789064803
112486999.999997	586.098921734601	22486.971886377	0.58909743446585	65.6831779125347
112601199.999997	420.987954998667	18290.9390615818	0.0790448536584834	30.7684323702309
112715399.999997	241.713845550064	18804.4109515447	0.0256366139633242	17.4722936914829
112829599.999997	236.191951539441	18808.6144016145	0.00112112379024161	3.76350902170732
112943799.999997	254.835208971902	19181.8504654162	0.000934577496681457	-4.08316062389444
113057999.999997	286.685964383429	19773.1981514502	3.07077800832694E-05	0.454061238028909
113172199.999997	335.164829533281	20605.0849300773	0.0323436757043494	17.3388015191354
113286399.999997	472.709948331933	21878.3891383475	0.350866046600648	53.6878759838806
113400599.999997	364.484539709547	18495.2974725447	0.0592362913806452	26.9063134372424
113514799.999997	244.767930251402	18893.9655375076	0.018975173635801	15.2836625789395
113628999.999997	237.470790606192	18793.6052769229	0.000108657338137881	0.640597453644357
113743199.999997	248.85125425687	19012.8304918278	0.00533585732137703	-8.64326694362527
113857399.999997	267.421648389289	19473.3951734017	0.00696468116066656	-9.41009329980331
113971599.999997	315.691028206873	20286.7238658177	0.00132463579561469	3.38500469103595
114085799.999997	400.278905019001	21323.3964016884	0.124338215427183	32.0801079763322
114200000	645.34326754473	22582.3737245495	0.866910731863931	77.9027185910005
