"Time [ms]"	"Moving1.Speed [rpm]"
0	0
0.1142	0.000279444829098384
0.2284	1.07212820496687
0.3426	4.15785029992959
0.4568	9.08669639869792
0.571	15.7851819027292
0.6852	24.1910374869814
0.7994	34.2401535699487
0.9136	45.8696690012994
1.0278	59.0191003464432
1.142	73.6263873774768
1.2562	89.6316889513976
1.3704	106.979512665812
1.4846	125.61094655115
1.5988	145.4599385233
1.713	166.45854394654
1.8272	188.537908930904
1.9414	211.627971739862
2.0556	235.681405571621
2.1698	260.727614329911
2.284	286.799003042908
2.3982	313.849060496315
2.5124	341.793563255423
2.6266	370.519836965952
2.7408	399.890474022893
2.855	429.768940022504
2.9692	459.983170689262
3.0834	490.401984150144
3.1976	520.904235318288
3.3118	551.344960205299
3.426	581.619703564853
3.5402	611.584763239528
3.6544	641.146110119083
3.7686	670.212902436589
3.8828	698.634956087156
3.997	726.259523373179
4.1112	752.988518234725
4.2254	778.733376797715
4.3396	803.353855116394
4.4538	826.727363031468
4.568	848.420502770594
4.6822	868.306341863781
4.7964	886.818071616876
4.9106	904.375631893876
5.0248	921.451344099941
5.139	938.383453673383
5.2532	955.368377524392
5.3674	972.551994439527
5.4816	989.997799771773
5.5958	1007.70338214497
5.71	1025.62786570269
5.8242	1043.70679308903
5.9384	1061.8240738179
6.0526	1079.73561641292
6.1668	1096.62263427532
6.281	1111.96923694604
6.3952	1126.12071534056
6.5094	1139.52490261649
6.6236	1152.53984659046
6.7378	1165.39085443805
6.852	1178.20403038245
6.9662	1190.96948382966
7.0804	1203.59283123988
7.1946	1215.94942589009
7.3088	1227.54758558204
7.423	1238.02145846334
7.5372	1247.54223311891
7.6514	1256.40361330824
7.7656	1264.97083820662
7.8798	1273.52156581802
7.994	1282.21719648316
8.1082	1291.11412851482
8.2224	1300.16197822464
8.3366	1309.22623763079
8.4508	1317.64007709662
8.565	1325.01038000511
8.6792	1331.72537863323
8.79340000000001	1338.18450060299
8.90760000000001	1344.7393870342
9.02180000000001	1351.50841379327
9.13600000000001	1358.42937647166
9.25020000000001	1365.46385724948
9.36440000000001	1372.57067849299
9.47860000000001	1379.68877052765
9.59280000000001	1386.27470734209
9.70700000000001	1392.03769273024
9.82120000000001	1397.40497666392
9.93540000000001	1402.77324295877
10.0496	1408.29909769635
10.1638	1413.93750380345
10.278	1419.66522458182
10.3922	1425.4519905875
10.5064	1431.24100741527
10.6206	1436.53843855213
10.7348	1441.11446454569
10.849	1445.40984500719
10.9632	1449.74663530591
11.0774	1454.19746703334
11.1916	1458.73117299323
11.3058	1463.34310513238
11.42	1468.00976778788
11.5342	1472.21646349935
11.6484	1475.71060986484
11.7626	1478.98848098209
11.8768	1482.34204430406
11.991	1485.80018843673
12.1052	1489.33650176673
12.2194	1492.94835648392
12.3336	1496.64091450655
12.4478	1500.40088835805
12.562	1503.78764812822
12.6762	1506.61361115972
12.7904	1509.3334985751
12.9046	1512.14660385278
13.0188	1515.0294464651
13.133	1517.97718222401
13.2472	1521.0026029441
13.3614	1524.11142400394
13.4756	1526.86876382115
13.5898	1529.12585967928
13.704	1531.32160009831
13.8182	1533.59975109022
13.9324	1535.93997187404
14.0466	1538.34047025643
14.1608	1540.82030971202
14.275	1543.4002525644
14.3892	1545.64426237875
14.5034	1547.45357262845
14.6176	1549.25379092159
14.7318	1551.11800014906
14.846	1553.03555439409
14.9602	1555.0091360501
15.0744	1557.06494244205
15.1886	1559.23646545656
15.3028	1561.09239474004
15.417	1562.5685740046
15.5312	1564.07609575503
15.6454	1565.6360659858
15.7596	1567.2368958362
15.8738	1568.88848878069
15.988	1570.62357011466
16.1022	1572.48718693914
16.2164	1574.05591228812
16.3306	1575.34663480492
16.4448	1576.69578668526
16.559	1578.02546497888
16.6732	1579.38848120489
16.7874	1580.7921406655
16.9016	1582.28339257199
17.0158	1583.92099763873
17.13	1585.287844553
17.2442	1586.40002555705
17.3584	1587.57765039779
17.4726	1588.73317669586
17.5868	1589.91299251629
17.701	1591.14327896694
17.8152	1592.46965389399
17.9294	1593.94729013241
18.0436	1595.18306964319
18.1578	1596.16753569353
18.272	1597.21077094555
18.3862	1598.23468022743
18.5004	1599.27850507799
18.6146	1600.37600102241
18.7288	1601.57614807891
18.843	1602.94081140785
18.9572	1604.09312223413
19.0714	1605.0039230155
19.1856	1605.96008161242
19.2998	1606.89252324444
19.414	1607.84370548951
19.5282	1608.84495423514
19.6424	1609.96048460789
19.7566	1611.26239770069
19.8707999999999	1612.3863275608
19.9849999999999	1613.26185206044
20.0991999999999	1614.1531915501
20.2133999999999	1615.02887932042
20.3275999999999	1615.92176561815
20.4417999999999	1616.87774477352
20.5559999999999	1617.96585085766
20.6701999999999	1618.88992515211
20.7843999999999	1619.58294874429
20.8985999999999	1620.28571779588
21.0127999999999	1620.97830123387
21.1269999999999	1621.67050850073
21.2411999999999	1622.39065941748
21.3553999999999	1623.19559177266
21.4695999999999	1624.16230370506
21.5837999999999	1625.00885565072
21.6979999999999	1625.63859960366
21.8121999999999	1626.26355957971
21.9263999999999	1626.87189227344
22.0405999999999	1627.47865755383
22.1547999999999	1628.12616989088
22.2689999999999	1628.88192690539
22.3831999999999	1629.82333898926
22.4973999999999	1630.66045306901
22.6115999999999	1631.27660168074
22.7257999999999	1631.87521855645
22.8399999999999	1632.45097920265
22.9541999999999	1633.03028107691
23.0683999999999	1633.66805382315
23.1825999999999	1634.43639909407
23.2967999999999	1635.10517563758
23.4109999999999	1635.5952385336
23.5251999999999	1636.07916759626
23.6393999999999	1636.53800762583
23.7535999999999	1636.97827739807
23.8677999999999	1637.439225307
23.9819999999999	1637.98736537651
24.0961999999999	1638.70400867232
24.2103999999999	1639.34642022177
24.3245999999999	1639.80278402124
24.4387999999999	1640.23721660451
24.5529999999999	1640.6401769076
24.6671999999999	1641.03336095325
24.7813999999999	1641.46751673577
24.8955999999999	1642.01548494189
25.0097999999999	1642.76238877881
25.1239999999999	1643.44367588162
25.2381999999999	1643.92354155313
25.3523999999999	1644.37007998322
25.4665999999999	1644.78176966418
25.5807999999999	1645.19246042724
25.6949999999999	1645.66523970122
25.8091999999999	1646.28242254387
25.9233999999999	1646.83267345307
26.0375999999999	1647.21252895866
26.1517999999999	1647.5675467217
26.2659999999999	1647.88575561923
26.3801999999999	1648.18155678282
26.4943999999999	1648.50250961682
26.6085999999999	1648.91769517115
26.7227999999998	1649.51838997463
26.8369999999998	1650.07226607849
26.9511999999998	1650.44476506497
27.0653999999998	1650.77847983347
27.1795999999998	1651.07173775622
27.2937999999998	1651.35496708863
27.4079999999998	1651.68627566937
27.5221999999998	1652.15187949427
27.6363999999998	1652.83926457442
27.7505999999998	1653.4810755537
27.8647999999998	1653.92038024514
27.9789999999998	1654.30698631951
28.0931999999998	1654.65455425636
28.2073999999998	1655.00473922565
28.3215999999998	1655.43005135375
28.4357999999998	1656.02027733593
28.5499999999998	1656.55099953463
28.6641999999998	1656.89761487491
28.7783999999998	1657.19903598087
28.8925999999998	1657.4535926407
29.0067999999998	1657.68631164732
29.1209999999998	1657.95246971725
29.2351999999998	1658.33780408528
29.3493999999998	1658.93430269236
29.4635999999998	1659.48603758536
29.5777999999998	1659.84287419327
29.6919999999998	1660.14902537163
29.8061999999998	1660.40659416931
29.9203999999998	1660.65946924824
30.0345999999998	1660.97995189555
30.1487999999998	1661.46064799186
30.2629999999998	1661.90234360555
30.3771999999998	1662.1785023101
30.4913999999998	1662.40509861088
30.6055999999998	1662.57423733349
30.7197999999998	1662.71512533267
30.8339999999998	1662.8884028897
30.9481999999998	1663.18085287916
31.0623999999998	1663.68408763988
31.1765999999998	1664.15924111358
31.2907999999998	1664.4513099969
31.4049999999998	1664.68359249084
31.5191999999998	1664.8671511374
31.6333999999998	1665.04232710115
31.7475999999998	1665.27923928409
31.8617999999998	1665.67404057119
31.9759999999998	1666.04394149133
32.0901999999998	1666.26195259177
32.2043999999998	1666.42568590454
32.3185999999998	1666.53187126594
32.4327999999998	1666.606626768
32.5469999999998	1666.70903502406
32.6611999999998	1666.92799781155
32.7753999999998	1667.35975069007
32.8895999999998	1667.77736832418
33.0037999999998	1668.01828876359
33.1179999999998	1668.19472793365
33.2321999999998	1668.31746179232
33.3463999999998	1668.43102596334
33.4605999999998	1668.61178958314
33.5747999999998	1668.95453142608
33.6889999999998	1669.28474124896
33.8031999999998	1669.47138534616
33.9173999999998	1669.59865575538
34.0315999999998	1669.66373084645
34.1457999999998	1669.69441930619
34.26	1669.75127948123
34.3742000000002	1669.9282132557
34.4884000000002	1670.32207908526
34.6026000000002	1670.70670866296
34.7168000000002	1670.91762630989
34.8310000000002	1671.0625394341
34.9452000000002	1671.15295791214
35.0594000000002	1671.2278022275
35.1736000000002	1671.36835116241
35.2878000000002	1671.67489550544
35.4020000000002	1671.97227492387
35.5162000000002	1672.12796096125
35.6304000000002	1672.22281541628
35.7446000000002	1672.25415643827
35.8588000000002	1672.25106968101
35.9730000000002	1672.27697405666
36.0872000000002	1672.42692040819
36.2014000000002	1672.79769081987
36.3156000000002	1673.16413771641
36.4298000000002	1673.36088954781
36.5440000000002	1673.48853666382
36.6582000000002	1673.55680945123
36.7724000000002	1673.61479198904
36.8866000000002	1673.74251618432
37.0008000000002	1674.03777745872
37.1150000000002	1674.3260572164
37.2292000000002	1674.47054388072
37.3434000000002	1674.55056279552
37.4576000000002	1674.56279339864
37.5718000000002	1674.54276459305
37.6860000000002	1674.547962544
37.8002000000002	1674.67801787317
37.9144000000002	1675.03982218548
38.0286000000002	1675.39973999086
38.1428000000002	1675.58581175166
38.2570000000002	1675.69583013021
38.3712000000002	1675.74739807793
38.4854000000002	1675.79370285848
38.5996000000002	1675.91321291262
38.7138000000002	1676.20546782466
38.8280000000002	1676.49212561344
38.9422000000002	1676.62800855965
39.0564000000002	1676.69280353406
39.1706000000002	1676.69019663787
39.2848000000003	1676.65657777655
39.3990000000003	1676.65893591369
39.5132000000003	1676.79321096356
39.6274000000003	1677.16115158083
39.7416000000003	1677.52761455265
39.8558000000003	1677.71488264422
39.9700000000003	1677.82751755443
40.0842000000003	1677.87950200209
40.1984000000003	1677.92438214966
40.3126000000003	1678.04650288642
40.4268000000003	1678.34954764328
40.5410000000003	1678.64717664649
40.6552000000003	1678.78689407247
40.7694000000003	1678.85374382875
40.8836000000003	1678.8483886235
40.9978000000003	1678.81139339121
41.1120000000003	1678.81796724324
41.2262000000003	1678.96537334079
41.3404000000003	1679.13360508764
41.4546000000003	1679.19967565615
41.5688000000003	1679.20183191568
41.6830000000003	1679.13173523806
41.7972000000003	1679.01734046002
41.9114000000003	1678.92458264288
42.0256000000003	1678.94096139991
42.1398000000003	1679.15877254076
42.2540000000003	1679.39127824244
42.3682000000003	1679.47933926113
42.4824000000003	1679.49236566658
42.5966000000003	1679.43704318321
42.7108000000003	1679.35900330772
42.8250000000003	1679.33899183685
42.9392000000003	1679.47665934136
43.0534000000003	1679.63908797056
43.1676000000003	1679.69514946057
43.2818000000003	1679.68711161344
43.3960000000003	1679.60447143055
43.5102000000003	1679.48072629258
43.6244000000003	1679.38605002762
43.7386000000003	1679.40681709565
43.8528000000003	1679.64351669733
43.9670000000003	1679.89528977258
44.0812000000003	1679.99217052693
44.1954000000003	1680.01184645891
44.3096000000003	1679.96665382114
44.4238000000003	1679.8935096172
44.5380000000003	1679.87205787331
44.6522000000003	1680.01586191698
44.7664000000003	1680.18126024738
44.8806000000003	1680.23190351966
44.9948000000003	1680.21400477634
45.1090000000003	1680.12870437972
45.2232000000003	1680.01756630756
45.3374000000003	1679.89418807136
45.4516000000003	1679.85873815081
45.5658000000004	1680.06338802541
45.6800000000004	1680.2967630257
45.7942000000004	1680.37947842028
45.9084000000004	1680.38321559535
46.0226000000004	1680.32453923879
46.1368000000004	1680.22978823347
46.2510000000004	1680.18426581612
46.3652000000004	1680.31896468834
46.4794000000004	1680.48472973626
46.5936000000004	1680.53028325021
46.7078000000004	1680.5032009708
46.8220000000004	1680.41470605312
46.9362000000004	1680.30515580495
47.0504000000004	1680.23061521194
47.1646000000004	1680.28285623197
47.2788000000004	1680.57055067292
47.3930000000004	1680.87011903732
47.5072000000004	1681.00090660084
47.6214000000004	1681.0554396473
47.7356000000004	1681.04544372713
47.8498000000004	1681.02598904441
47.9640000000004	1681.08734664329
48.0782000000004	1681.32906120913
48.1924000000004	1681.57335375075
48.3066000000004	1681.67321611907
48.4208000000004	1681.69625424153
48.5350000000004	1681.64173231694
48.6492000000004	1681.5603091213
48.7634000000004	1681.52493210427
48.8776000000004	1681.63078508349
48.9918000000004	1681.76533743969
49.1060000000004	1681.80441891497
49.2202000000004	1681.77797104768
49.3344000000004	1681.68205776275
49.4486000000004	1681.54795721221
49.5628000000004	1681.43371377352
49.6770000000004	1681.42447065441
49.7912000000004	1681.61506814131
49.9054000000004	1681.8266233579
50.0196000000004	1681.9001071737
50.1338000000004	1681.89630146583
50.2480000000004	1681.81399179994
50.3622000000004	1681.70503125879
50.4764000000004	1681.65546953822
50.5906000000004	1681.76216722739
50.7048000000004	1681.9005360419
50.8190000000004	1681.93439165084
50.9332000000004	1681.8965497407
51.0474000000004	1681.7909974574
51.1616000000004	1681.6560567047
51.2758000000004	1681.55181146769
51.3900000000004	1681.56397734233
51.5042000000004	1681.79109506844
51.6184000000004	1682.03386551718
51.7326000000004	1682.12128609321
51.8468000000004	1682.12838881421
51.9610000000005	1682.06762517808
52.0752000000005	1681.99427454054
52.1894000000005	1681.98745303508
52.3036000000005	1682.14521084249
52.4178000000005	1682.32248492183
52.5320000000005	1682.37544904961
52.6462000000005	1682.35588642275
52.7604000000005	1682.27425250305
52.8746000000005	1682.16367234326
52.9888000000005	1682.08240649855
53.1030000000005	1682.1261906816
53.2172000000005	1682.39538935236
53.3314000000005	1682.67675447825
53.4456000000005	1682.79143015922
53.5598000000005	1682.8241081242
53.6740000000005	1682.79108127403
53.7882000000005	1682.74431236436
53.9024000000005	1682.77027874436
54.0166000000005	1682.97245031973
54.1308000000005	1683.18396435734
54.2450000000005	1683.24833258566
54.3592000000005	1683.23487929389
54.4734000000005	1683.15727960289
54.5876000000005	1683.05486113918
54.7018000000005	1682.99359156916
54.8160000000005	1683.06385461756
54.9302000000005	1683.37122951159
55.0444000000005	1683.69136515825
55.1586000000005	1683.8374637684
55.2728000000005	1683.89828412645
55.3870000000005	1683.8938217508
55.5012000000005	1683.88215703031
55.6154000000005	1683.95181959434
55.7296000000005	1684.21043932786
55.8438000000005	1684.46936957884
55.9580000000005	1684.56835138424
56.0722000000005	1684.58435501932
56.1864000000005	1684.52548645893
56.3006000000005	1684.43973335679
56.4148000000005	1684.40540754382
56.5290000000005	1684.52063414397
56.6432000000005	1684.65965989878
56.7574000000005	1684.69141624843
56.8716000000005	1684.64901413984
56.9858000000005	1684.53486747322
57.1	1684.38638294264
57.2141999999995	1684.26740104313
57.3283999999995	1684.26121028929
57.4425999999995	1684.46394536684
57.5567999999995	1684.68518087209
57.6709999999995	1684.75225017688
57.7851999999995	1684.73796157948
57.8993999999995	1684.65954877895
58.0135999999995	1684.57071260256
58.1277999999995	1684.54441694622
58.2419999999995	1684.67957139042
58.3561999999995	1684.840441027
58.4703999999995	1684.87877058582
58.5845999999995	1684.839259013
58.6987999999995	1684.73010971806
58.8129999999995	1684.59043327561
58.9271999999995	1684.48646666739
59.0413999999995	1684.50886764282
59.1555999999995	1684.75748152851
59.2697999999995	1685.01939631341
59.3839999999995	1685.11465056851
59.4981999999995	1685.12725638305
59.6123999999995	1685.07074866393
59.7265999999995	1684.96862297198
59.8407999999995	1684.91280076987
59.9549999999995	1685.03970188153
60.0691999999995	1685.19406306105
60.1833999999995	1685.22282929364
60.2975999999995	1685.17176143122
60.4117999999995	1685.04924468238
60.5259999999995	1684.90269937614
60.6401999999995	1684.80562118028
60.7543999999995	1684.85189425712
60.8685999999995	1685.13942135711
60.9827999999995	1685.44325607941
61.0969999999995	1685.57321598009
61.2111999999995	1685.61601331137
61.3253999999995	1685.59142937703
61.4395999999995	1685.55954607026
61.5537999999995	1685.61343287043
61.6679999999995	1685.86118358908
61.7821999999995	1686.11121358418
61.8963999999995	1686.19980646225
62.0105999999995	1686.20379916767
62.1247999999995	1686.12331944503
62.2389999999996	1686.01101188875
62.3531999999996	1685.95282856901
62.4673999999996	1686.0463233442
62.5815999999996	1686.16875432794
62.6957999999996	1686.18459116858
62.8099999999995	1686.12408453473
62.9241999999995	1685.9898555339
63.0383999999995	1685.82192661563
63.1525999999995	1685.67240208337
63.2667999999995	1685.64001437524
63.3809999999995	1685.8355028351
63.4951999999995	1686.0521808269
63.6093999999995	1686.11371549811
63.7235999999995	1686.08846454219
63.8377999999995	1685.99860258206
63.9519999999995	1685.9022857691
64.0661999999995	1685.8743390533
64.1803999999995	1686.01307832467
64.2945999999995	1686.17413972146
64.4087999999995	1686.20896527884
64.5229999999995	1686.16385876742
64.6371999999995	1686.05050681256
64.7513999999995	1685.90826535872
64.8655999999995	1685.80155243544
64.9797999999994	1685.82475872156
65.0939999999994	1686.07911406433
65.2081999999994	1686.34575747537
65.3223999999994	1686.44214727786
65.4365999999994	1686.45576962978
65.5507999999994	1686.39901999431
65.6649999999994	1686.29616168379
65.7791999999994	1686.24327743627
65.8933999999994	1686.37848585389
66.0075999999994	1686.53850680578
66.1217999999994	1686.56847316895
66.2359999999994	1686.51620933291
66.3501999999994	1686.38991570743
66.4643999999994	1686.24236868651
66.5785999999994	1686.14805001346
66.6927999999994	1686.20361891524
66.8069999999994	1686.297426539
66.9211999999994	1686.29920269153
67.0353999999994	1686.22810770377
67.1495999999994	1686.08336350126
67.2637999999993	1685.89929151112
67.3779999999993	1685.73625676814
67.4921999999993	1685.68183947417
67.6063999999993	1685.83379359787
67.7205999999993	1686.01300436769
67.8347999999993	1686.05265468943
67.9489999999993	1686.00992101806
68.0631999999993	1685.90152548037
68.1773999999993	1685.78128819718
68.2915999999993	1685.72297681914
68.4057999999993	1685.82327838704
68.5199999999993	1685.95207502018
68.6341999999993	1685.96860894117
68.7483999999993	1685.90826659559
68.8625999999993	1685.77641352365
68.9767999999993	1685.61320123278
69.0909999999993	1685.48428642516
69.2051999999993	1685.47992001651
69.3193999999993	1685.69876033399
69.4335999999992	1685.93387939579
69.5477999999992	1686.00820156759
69.6619999999992	1685.99914595081
69.7761999999992	1685.92660718795
69.8903999999992	1685.84744233521
70.0045999999992	1685.84046367084
70.1187999999992	1686.00586063044
70.2329999999992	1686.18775846662
70.3471999999992	1686.23410110527
70.4613999999992	1686.20004409892
70.5755999999992	1686.09879989942
70.6897999999992	1685.97058188169
70.8039999999992	1685.88131034906
70.9181999999992	1685.92735582116
71.0323999999992	1686.20961951442
71.1465999999992	1686.50382536951
71.2607999999992	1686.62169210001
71.3749999999992	1686.65271420504
71.4891999999992	1686.61775342091
71.6033999999992	1686.57328103358
71.7175999999991	1686.61027443186
71.8317999999991	1686.8318058998
71.9459999999991	1687.05700145007
72.0601999999991	1687.12433689983
72.1743999999991	1687.10675835729
72.2885999999991	1687.02125936412
72.4027999999991	1686.91561914027
72.5169999999991	1686.85994722756
72.6311999999991	1686.94928649322
72.7453999999991	1687.06759595185
72.8595999999991	1687.08168187586
72.9737999999991	1687.02356256554
73.0879999999991	1686.89093872733
73.2021999999991	1686.71703196499
73.3163999999991	1686.5661429574
73.4305999999991	1686.52854663976
73.5447999999991	1686.70918301083
73.6589999999991	1686.91231763725
73.7731999999991	1686.96192002909
73.887399999999	1686.92480034553
74.001599999999	1686.8225958594
74.115799999999	1686.71327421076
74.229999999999	1686.67121981177
74.344199999999	1686.7948586769
74.458399999999	1686.94131263268
74.572599999999	1686.96416635584
74.686799999999	1686.90664547634
74.800999999999	1686.77693662108
74.915199999999	1686.61824107755
75.029399999999	1686.49925815419
75.143599999999	1686.51059667696
75.257799999999	1686.75199450049
75.371999999999	1687.00852396714
75.486199999999	1687.0958997297
75.600399999999	1687.09761107837
75.714599999999	1687.02092207897
75.828799999999	1686.9289829419
75.942999999999	1686.91784062494
76.057199999999	1687.08864300377
76.1713999999989	1687.27754848885
76.2855999999989	1687.32476377774
76.3997999999989	1687.28939966012
76.5139999999989	1687.18072964508
76.6281999999989	1687.04807896044
76.7423999999989	1686.95878654058
76.8565999999989	1687.0078351814
76.9707999999989	1687.09594169626
77.0849999999989	1687.09251184787
77.1991999999989	1687.01514387569
77.3133999999989	1686.8641766533
77.4275999999989	1686.67033357573
77.5417999999989	1686.49668350717
77.6559999999989	1686.43461910049
77.7701999999989	1686.57983002702
77.8843999999989	1686.75183628176
77.9985999999989	1686.78256618363
78.1127999999989	1686.72894671054
78.2269999999989	1686.60770592437
78.3411999999988	1686.46908587592
78.4553999999988	1686.39250574388
78.5695999999988	1686.48070586179
78.6837999999988	1686.60054799707
78.7979999999988	1686.61082586318
78.9121999999988	1686.54499567345
79.0263999999988	1686.40572539101
79.1405999999988	1686.23330819365
79.2547999999988	1686.09268743795
79.3689999999988	1686.07467108191
79.4831999999988	1686.28218598542
79.5973999999988	1686.51010696495
79.7115999999988	1686.5772526951
79.8257999999988	1686.55578906066
79.9399999999988	1686.47170158741
80.0541999999988	1686.38638566008
80.1683999999988	1686.37439585922
80.2825999999988	1686.53381930938
80.3967999999988	1686.70826822856
80.5109999999988	1686.748720754
80.6251999999987	1686.70876858738
80.7393999999987	1686.59576172229
80.8535999999987	1686.45643903411
80.9677999999987	1686.35976431634
81.0819999999987	1686.40232974318
81.1961999999987	1686.68427493156
81.3103999999987	1686.97992980379
81.4245999999987	1687.09846243694
81.5387999999987	1687.12627575613
81.6529999999987	1687.08689682828
81.7671999999987	1687.03595829258
81.8813999999987	1687.06561992574
81.9955999999987	1687.28346760484
82.1097999999987	1687.5078182985
82.2239999999987	1687.57463075459
82.3381999999987	1687.55732188744
82.4523999999987	1687.47115386811
82.5665999999987	1687.36452657989
82.6807999999987	1687.30842930711
82.7949999999986	1687.39583432638
82.9091999999986	1687.51269220222
83.0233999999986	1687.52722278996
83.1375999999986	1687.4661842274
83.2517999999986	1687.33054459614
83.3659999999986	1687.15540314725
83.4801999999986	1687.00607586046
83.5943999999986	1686.97316711995
83.7085999999986	1687.15522347748
83.8227999999986	1687.35890770256
83.9369999999986	1687.41072084508
84.0511999999986	1687.37644462593
84.1653999999986	1687.27434809311
84.2795999999986	1687.16202848048
84.3937999999986	1687.11990918604
84.5079999999986	1687.24589377747
84.6221999999986	1687.39382478367
84.7363999999986	1687.41866704883
84.8505999999986	1687.36276474928
84.9647999999985	1687.23344548066
85.0789999999985	1687.0758354324
85.1931999999985	1686.95502560939
85.3073999999985	1686.96364213595
85.4215999999985	1687.20435497482
85.5357999999985	1687.46096362189
85.6499999999985	1687.54867497309
85.7641999999985	1687.55116935036
85.8783999999985	1687.47226255748
85.9925999999985	1687.37345114658
86.1067999999985	1687.35821943022
86.2209999999985	1687.52527956236
86.3351999999985	1687.70883913496
86.4493999999985	1687.74983732083
86.5635999999985	1687.70578855148
86.6777999999985	1687.59113081436
86.7919999999985	1687.45550839262
86.9061999999985	1687.37073895472
87.0203999999985	1687.43230540437
87.1345999999985	1687.52976538479
87.2487999999984	1687.52903795463
87.3629999999984	1687.45161445783
87.4771999999984	1687.3021488006
87.5913999999984	1687.11071983443
87.7055999999984	1686.93833986067
87.8197999999984	1686.87668914871
87.9339999999984	1687.02593052252
88.0481999999984	1687.20286472663
88.1623999999984	1687.23376279368
88.2765999999984	1687.18090637808
88.3907999999984	1687.06337079761
88.5049999999984	1686.9317300924
88.6191999999984	1686.86197537443
88.7333999999984	1686.95225976041
88.8475999999984	1687.07268541648
88.9617999999984	1687.08164453288
89.0759999999984	1687.0128452437
89.1901999999984	1686.87188754006
89.3043999999984	1686.69688702189
89.4185999999983	1686.55595822338
89.5327999999983	1686.54411948249
89.6469999999983	1686.75877692716
89.7611999999983	1686.99172317661
89.8753999999983	1687.06496994414
89.9895999999983	1687.05287896311
90.1037999999983	1686.97504844443
90.2179999999983	1686.89270936555
90.3321999999983	1686.88685454772
90.4463999999983	1687.05526540402
90.5605999999983	1687.23542059299
90.6747999999983	1687.27851839508
90.7889999999983	1687.24082951676
90.9031999999983	1687.12845717042
91.0173999999983	1686.99169098201
91.1315999999983	1686.89426661825
91.2457999999983	1686.93602506978
91.3599999999983	1687.22322910626
91.4741999999983	1687.52097455107
91.5883999999983	1687.64111868862
91.7025999999982	1687.6717377652
91.8167999999982	1687.63551221166
91.9309999999982	1687.59151759987
92.0451999999982	1687.6313699742
92.1593999999982	1687.86012077334
92.2735999999982	1688.09240748036
92.3877999999982	1688.16574048219
92.5019999999982	1688.15099531249
92.6161999999982	1688.06591095942
92.7303999999982	1687.96399611451
92.8445999999982	1687.91423910006
92.9587999999982	1688.01273068581
93.0729999999982	1688.13834034071
93.1871999999982	1688.15203023277
93.3013999999982	1688.08499774248
93.4155999999982	1687.94347392474
93.5297999999982	1687.76519846675
93.6439999999982	1687.6136194524
93.7581999999982	1687.58086483209
93.8723999999981	1687.76836319318
93.9865999999981	1687.97713040766
94.1007999999981	1688.02953161002
94.2149999999981	1687.99586655968
94.3291999999981	1687.89655792294
94.4433999999981	1687.78921312978
94.5575999999981	1687.75218339325
94.6717999999981	1687.88426483028
94.7859999999981	1688.03649995648
94.9001999999981	1688.05862911563
95.0143999999981	1687.99986967108
95.1285999999981	1687.86880564083
95.2427999999981	1687.70900996199
95.3569999999981	1687.59019927367
95.4711999999981	1687.60693972114
95.5853999999981	1687.85898848241
95.6995999999981	1688.12524881665
95.8137999999981	1688.22093791999
95.9279999999981	1688.22835728854
96.0421999999981	1688.16004562663
96.156399999998	1688.08053819089
96.270599999998	1688.08850991752
96.384799999998	1688.28244956614
96.498999999998	1688.4861873654
96.613199999998	1688.54067909808
96.727399999998	1688.51001516391
96.841599999998	1688.40533645056
96.955799999998	1688.27833626501
97.069999999998	1688.15770593067
97.184199999998	1688.14543656729
97.298399999998	1688.18909746921
97.412599999998	1688.14515717346
97.526799999998	1688.03135925542
97.640999999998	1687.85359333078
97.755199999998	1687.63867360404
97.869399999998	1687.450096609
97.983599999998	1687.37366841636
98.097799999998	1687.51367224651
98.211999999998	1687.68809411124
98.3261999999979	1687.71754776945
98.4403999999979	1687.66094401464
98.5545999999979	1687.53822616813
98.6687999999979	1687.40800205491
98.7829999999979	1687.34503148456
98.8971999999979	1687.4464846925
99.0113999999979	1687.57856785942
99.1255999999979	1687.59403035551
99.2397999999979	1687.52737021756
99.3539999999979	1687.38787258754
99.4681999999979	1687.21442618776
99.5823999999979	1687.07823073886
99.6965999999979	1687.07711875302
99.8107999999979	1687.30688656615
99.9249999999979	1687.55458715944
100.039199999998	1687.63425413212
100.153399999998	1687.62668149293
100.267599999998	1687.55724811459
100.381799999998	1687.4835664837
100.495999999998	1687.48893558017
100.610199999998	1687.67303795169
100.724399999998	1687.8670367628
100.838599999998	1687.9151122894
100.952799999998	1687.8819351465
101.066999999998	1687.77755246712
101.181199999998	1687.64771199193
101.295399999998	1687.56179172463
101.409599999998	1687.61849040441
101.523799999998	1687.71428587518
101.637999999998	1687.71408951307
101.752199999998	1687.63830073237
101.866399999998	1687.48598487255
101.980599999998	1687.29101115389
102.094799999998	1687.11814362795
102.208999999998	1687.05483915314
102.323199999998	1687.19977793094
102.437399999998	1687.37222273843
102.551599999998	1687.40127943525
102.665799999998	1687.34627244909
102.779999999998	1687.22522048008
102.894199999998	1687.09127565196
103.008399999998	1687.01550577871
103.122599999998	1687.09667894738
103.236799999998	1687.21092267602
103.350999999998	1687.21514161499
103.465199999998	1687.14048558682
103.579399999998	1686.99407232837
103.693599999998	1686.81432410111
103.807799999998	1686.66724374866
103.921999999998	1686.64534034816
104.036199999998	1686.84861566648
104.150399999998	1687.07353868146
104.264599999998	1687.13717621657
104.378799999998	1687.11452517191
104.492999999998	1687.02900570261
104.607199999998	1686.93906347494
104.721399999998	1686.92583002476
104.835599999998	1687.08851941219
104.949799999998	1687.26892157511
105.063999999998	1687.31436322497
105.178199999998	1687.27607088124
105.292399999998	1687.1645721885
105.406599999998	1687.0259665869
105.520799999998	1686.93063738128
105.634999999998	1686.97545415671
105.749199999998	1687.25683126032
105.863399999998	1687.54950001856
105.977599999998	1687.6679868732
106.091799999998	1687.69904692878
106.205999999998	1687.66313005765
106.320199999998	1687.60981937444
106.434399999998	1687.63888531522
106.548599999998	1687.86276637301
106.662799999998	1688.0905573718
106.776999999998	1688.16065284104
106.891199999998	1688.14454873639
107.005399999998	1688.05810558912
107.119599999998	1687.95240535298
107.233799999998	1687.90035410787
107.347999999998	1687.99646747553
107.462199999998	1688.11859159714
107.576399999998	1688.13044069664
107.690599999998	1688.06224611307
107.804799999998	1687.91677413188
107.918999999998	1687.73403416905
108.033199999998	1687.58113053991
108.147399999998	1687.54404701247
108.261599999998	1687.72457353106
108.375799999997	1687.92855975667
108.489999999997	1687.97840698888
108.604199999997	1687.94288979348
108.718399999997	1687.84072770154
108.832599999997	1687.73004419597
108.946799999997	1687.68916569038
109.060999999997	1687.81662333472
109.175199999997	1687.96555113279
109.289399999997	1687.98803006388
109.403599999997	1687.92820944237
109.517799999997	1687.79441152333
109.631999999997	1687.62907585481
109.746199999997	1687.50417361792
109.860399999997	1687.51638809155
109.974599999997	1687.76241165043
110.088799999997	1688.02385972343
110.202999999997	1688.10968937885
110.317199999997	1688.10697773962
110.431399999997	1688.02734244472
110.545599999997	1687.92921542628
110.659799999997	1687.91780594573
110.773999999997	1688.09440608471
110.888199999997	1688.28599487323
111.002399999997	1688.33031793063
111.116599999997	1688.29123877164
111.230799999997	1688.18066861993
111.344999999997	1688.04609962473
111.459199999997	1687.95893544492
111.573399999997	1688.01650588949
111.687599999997	1688.11589901121
111.801799999997	1688.11579016622
111.915999999997	1688.03442882431
112.030199999997	1687.87951061445
112.144399999997	1687.68452473544
112.258599999997	1687.51200437027
112.372799999997	1687.45359553819
112.486999999997	1687.60967734357
112.601199999997	1687.79008765163
112.715399999997	1687.82172953405
112.829599999997	1687.77006332178
112.943799999997	1687.65190418359
113.057999999997	1687.52354586993
113.172199999997	1687.46129583086
113.286399999997	1687.56329816823
113.400599999997	1687.6947981193
113.514799999997	1687.70778952098
113.628999999997	1687.63974890638
113.743199999997	1687.49789343843
113.857399999997	1687.32503544648
113.971599999997	1687.18930653549
114.085799999997	1687.18162827622
114.2	1687.40388733013
